0.8592406434680013
0.6044611802620109
0.10892716149431965
0.3615631231633587
0.5838736807916973
0.11519580916627074
0.30532659688043307
0.5269692951694867
0.4928780795951029
0.26732252944753365
0.3857022885527411
0.8452550025639355
0.024347244343381022
0.719285200391863
0.7421318789567588
0.151664981909408
0.5544437668427724
0.8232747312365638
0.29006313040442877
0.34418043997009873
0.3764621365399402
0.2885728201820521
0.6731319934329806
0.5460631698974308
0.10437957815197163
0.015506741769020449
0.26197074920813757
0.8853276822623741
0.5760107156939279
0.4848990321872224
0.282605704244867
0.12784578367871346
0.2827199261580222
0.9759219579361984
0.38953817576792105
0.6421163233296867
0.05278002607232844
0.09277789482022625
0.7041542894869995
0.5190694041404431
0.021531995622242395
0.29490403553735756
0.04764437095571683
0.3880120867189909
0.5233389427415998
0.189645831642161
0.8582952747549898
0.18469361346344448
0.178497598930196
0.39441111998672174
0.5722686343690444
0.81787992001188
0.7793140415933653
0.8294269895790616
0.5213847863746246
0.6240946278147494
0.43458282439310236
0.18030553918043973
0.05635868470953165
0.4497417161320887
0.8499629117562351
0.1247036924543134
0.10669375081295374
0.4580179001220279
0.869348813557445
0.9527045163652907
0.0253479432985102
0.8849838380428849
0.08159513035071982
0.540607687022101
0.26232968069228657
0.665911229626811
0.0988831117680703
0.4363236597408575
0.7111307889918508
0.03152621433895755
0.3613388101467741
0.3029505914269657
0.9540762990292835
0.31459217964107833
0.37687367257779975
0.4885750326896685
0.03697027122628824
0.2740148965709288
0.936079068165782
0.38949939236589226
0.5886442442996486
0.19699622657583915
0.5362731110876806
0.55796497266523
0.22304545353680302
0.7711468756974239
0.8159958796267024
0.2518042843056797
0.06459379990815284
0.0977518808436757
0.2771311346663468
0.6826015700149317
0.10713513852828394
0.8686163921701752
0.568528477931356
0.9167799974777472
0.7910276563505518
0.7456186074031246
0.53826343662424
0.4479094414473868
0.9072006469576638
0.014032115886218185
0.3568234112898895
0.28749696208284325
0.8284543960232721
0.6603266496958364
0.8924692751233341
0.20579282890940925
0.2425785717503386
0.6373804600506967
0.8393771196095638
0.2202945738066336
0.5772397245839078
0.6097450496076267
0.6492127267400504
0.14164179921889464
0.9341938556157903
0.5059189253232874
0.5826758746573357
0.3719514476948078
0.9303311366548188
0.49564269713887654
0.9329167076626632
0.18374003363809832
0.555906505015602
0.709313028480065
0.0592999041415998
0.8561590198603106
0.6305968502051973
0.26901029833609025
0.3796773934889637
0.33017984860562133
0.7527558332575879
0.7730286354539626
0.31943790439110237
0.6614755676169586
0.435388756734546
0.8422248207971557
0.29947592896187847
0.27295817883176876
0.3252279908365003
0.07335856395379392
0.8119968257820952
0.15482300934699428
0.4183745422423787
0.6378683009408394
0.9189566382072247
0.6699543987156813
0.550524263666019
0.19038603952742994
0.42428881796443463
0.9338308316161006
0.09135070069921285
0.027493045131260274
0.8413537067210541
0.22642011705135484
0.7458689394676494
0.2113682332738387
0.36754923268419226
0.6278260291758153
0.3908336324197549
0.6848334562907243
0.3441055069086557
0.7755750868625102
0.5741477445218535
0.8454575616304926
0.42793129353505277
0.9125572344870547
0.6093175457923754
0.8433668412477098
0.11777112693591621
0.028693476110392937
0.9778147146785691
0.7296394561207226
0.21302903696574504
0.11434421834805042
0.35662023913316654
0.9752479452451197
0.662809869267907
0.25264690007008234
0.07408979106286283
0.31009389493457107
0.8345801753168268
0.7619713381251857
0.5510120604634596
0.4419549976836681
0.3402579116907527
0.6961296024995862
0.7233629157016994
0.7405758032597347
0.7210117304836134
0.15584137650293228
0.6128468400667242
0.07230963523835987
0.18393536650357767
0.9951064000907943
0.24017991186303927
0.8714945208430822
0.37709846074095954
0.07105956236334743
0.10309405174442632
0.19380784546731733
0.3921189040982338
0.011676449917026988
0.7357486837479796
0.4444799649073813
0.27072908043225297
0.5548766565107571
0.1681015577869572
0.646717852210806
0.34063044040323215
0.6709476190420782
0.7361488713580109
0.5199785176725211
0.0043457853930743435
0.16362846331173136
0.8858419457604656
0.0831047257307168
0.24095948877234208
0.8124033267220412
0.4118045069671927
0.5682677927713842
0.4754764725704642
0.6184375662083401
0.3290385509697653
0.37417030304481225
0.40738620420354166
0.781013689975993
0.6042891843788951
0.8800165388898059
0.5114581882233342
0.7604036352172767
0.850785860763391
0.7502924255119386
0.9637445059060048
0.9624712422348287
0.6913191580887583
0.655946072404326
0.5746022065113207
0.4979953103044523
0.5692560719552815
0.8458040878010333
0.7269076754396471
0.7461495585852822
0.7909761526873349
0.954086991014178
0.500704096808675
0.2635281918558918
0.11760139171732377
0.8148980464780046
0.024830787675340627
0.10309078442436248
0.10222276972111817
0.613862930612089
0.08664696735925403
0.9217091205826158
0.6431940032727043
0.10892111628740372
0.9937590207077087
0.3630450180748422
0.01620043642223394
0.49308013918749255
0.24152429859151736
0.7229515704926719
0.5818446883695135
0.02341887915920582
0.8008026986946402
0.9763768468159937
0.04834716148377827
0.3939873224706234
0.011240972134532567
0.5964852416969932
0.6377757965864272
0.452599272077583
0.9088473644886059
0.7353181680563396
0.47776086155656516
0.5476446500592147
0.6826057758538804
0.8783972008847074
0.1780744110097227
0.585045187136344
0.6940526587748419
0.9812941680300776
0.09264797204350513
0.40803273310625204
0.45263212697190497
0.14882909373377023
0.2917207570155571
0.6505040977438206
0.45375986257653866
0.9350666008069097
0.8073344875200108
0.3528505319936784
0.594626607760727
0.4929699231143718
0.33986208017343045
0.34173491458166483
0.15888296069821137
0.09499005385893744
0.4337471768067802
0.4489373883525481
0.32168535142609483
0.3312081620734224
0.297532729898432
0.9193714212767079
0.28935260848911504
0.7871981735987508
0.7117281055644076
0.32802495640540935
0.28357608226985476
0.506714753106515
0.3729226581609749
0.7476236616489855
0.36570638068421235
0.6668889089244894
0.21747709283252536
0.7105368813047379
0.6616963117971757
0.9211744522246859
0.277297029190247
0.4821241529092195
0.6255342287868682
0.4985572992861397
0.2150720474689929
0.8702317873744769
0.8516392763414353
0.4381638986992715
0.43445219719252487
0.9864242809236374
0.3670600780211344
0.410844408912199
0.7861867092473197
0.3321251315218876
0.9556306862511712
0.003997156248794142
0.1947906154905032
0.18099220311785214
0.589955747901542
0.15308129267566914
0.3663345593184957
0.9129659345536509
0.8488767167114899
0.5581584936852958
0.6099146729846875
0.31730180275263004
0.6918497357820308
0.2972976834912753
0.05197672174676533
0.4144609983889793
0.03843263002460051
0.6683531970074771
0.7701926274012769
0.14199750211287632
0.8409775720540739
0.7190474242927267
0.7503229864642428
0.8013582235429885
0.9917615105571636
0.9426468066666434
0.803081649003117
0.2576331098431203
0.5410614770347
0.43656239918669587
0.11991422228766425
0.5002659840228815
0.6063024890824704
0.8507094551860743
0.1563452081411112
0.533499759640792
0.05926925250750115
0.14980031796532223
0.858971072075369
0.32384701344606803
0.4941099603597764
0.5325055327030801
0.8377714364051732
0.36404963854465855
0.48884243959394164
0.9335103522229848
0.48984748268799727
0.39386077746611114
0.8724368370259422
