0.6520548214504317
0.7894819290931324
0.43348593006800873
0.32843002227711104
0.8199086696679101
0.8518483961261545
0.7067181610538168
0.392365864615027
0.2360854894086264
0.08728856682508712
0.5099455654046845
0.4664363841597565
0.443186942738081
0.3937161545772956
0.5616058351966415
0.6538933346688192
0.28743696657188134
0.11600288473644017
0.5726595202228437
0.3972935156957089
0.49665060115166715
0.05739205784367097
0.5757075396133409
0.8310073748693951
0.5430448610914972
0.03395656430931515
0.9908256491675058
0.21276854098821407
0.19375823950973
0.7653316243851529
0.9175414527320948
0.7377924220056514
0.32017982019250324
0.6514321725405061
0.6708826980915387
0.8549177089297706
0.15904798115944208
0.3370412560846888
0.10906829699095599
0.9527647216262587
0.6182389764036891
0.5658282324938065
0.7018841870833229
0.11601545247903844
0.3800295929030766
0.07440070081752251
0.8540119738290048
0.7554097151561857
0.5781579449672499
0.589295299168904
0.6816271393109381
0.34689516806506265
0.020616011106362374
0.8078844928637305
0.10148018966764671
0.7619510279763625
0.13972387485490115
0.04985975568220388
0.3710945099570888
0.7486513682471057
0.7036988544491478
0.85571585476275
0.11805207390878969
0.8658582497373362
0.4496665252856866
0.01330576602492213
0.7109040027571512
0.8418214998153345
0.3607241177676634
0.7251815718935506
0.3979461820760686
0.2906479843367848
0.9112078438981615
0.9473022821927646
0.5863993864462652
0.07139618499729722
0.6667176191655059
0.7444150148792051
0.5526532478223196
0.8803219279960754
0.4905453729530438
0.09994164155087515
0.13259756129954003
0.7994562727741497
0.5040861427024153
0.8402408699961206
0.7848819406638362
0.6481660927853352
0.3781613947889229
0.05372785085977023
0.9900947773969662
0.7564529982130009
0.4298528852821537
0.9086299818151129
0.034044787060411474
0.7059737979789857
0.11527995332281134
0.7293632191534465
0.7974611997965704
0.39831396602408264
0.7139962989726584
0.049393265361485694
0.8219622622476204
0.7960496681407793
0.16935095678165224
0.3945870811858153
0.17935281584927787
0.26904969147135943
0.20047917028632173
0.25512546957853144
0.9326408941506588
0.7787694118442088
0.6679226618398955
0.7100759113559005
0.7498314857666517
0.4479751664580842
0.032663162621078705
0.20032660736680752
0.7575207755123405
0.18607106230231407
0.31169869205096346
0.3647921038098396
0.43600482915807304
0.19216134732822585
0.7536855786594201
0.9096414983970131
0.3511248496843268
0.583469921014651
0.6175381661817596
0.9938159888353778
0.9575551512224152
0.5877125926426396
0.5009829201968257
0.45023715240159934
0.9770233063563297
0.6079394540618818
0.7067712656167062
0.5713081997071469
0.9698476375793434
0.37733101804539726
0.8111081911000533
0.7742841323685
0.001488267906373855
0.06564022915015055
0.5511096594293237
0.5573313043518571
0.308039839027586
0.6263212086068355
0.7689686355429313
0.8711482883772931
0.7288463042084987
0.08194773071139663
0.9706738045790341
0.34747806035214124
0.8087344339312927
0.7626515566441805
0.5704184405090689
0.5414803199304539
0.779703114868981
0.08270860417847836
0.40607006300422177
0.3324930259701127
0.5755619476612222
0.09805767851674774
0.960676965076676
0.34968538692069395
0.128595669238057
0.722844801157796
0.3701111813179843
0.7485573431455521
0.8293243821798999
0.6657024785573171
0.3975516360224738
0.5192827385179375
0.9327628407193784
0.6661335410225211
0.684708237266754
0.6288761423116419
0.45605535664801883
0.2195676444809569
0.7009045368610252
0.25510262424221636
0.7058788327069097
0.5371824504010383
0.6957924184524467
0.5631149823425032
0.6520050870081038
0.4137838116103374
0.7494870456455783
0.8022677063873822
0.11482084885958144
0.5405187188283886
0.027492519053685566
0.8615198229222777
0.6480013927734867
0.42364350446841875
0.30409592526687956
0.6422550206957648
0.292760103246007
0.015687386082195578
0.29836482532480285
0.4519421268292829
0.2407007568665369
0.02383958352596038
0.3380774378614043
0.9937200824266372
0.5844531014625433
0.07561325087456372
0.9578722455108996
0.9171437541288672
0.24886430251494113
0.49788883006151224
0.45012265990033473
0.8989766920396207
0.1957445741096977
0.9434233721415997
0.9650991164217573
0.8963199143273832
0.5789088349953707
0.6310612343253339
0.9021371123399027
0.5501094437228766
0.6228510090192023
0.19377324633758122
0.3919174779228188
0.7449556115836783
0.4543370281132096
0.605450182842129
0.5302271117604371
0.5693615586385825
0.19516691868928082
0.30414902096423607
0.08081921508558809
0.9448398666506476
0.6140266038264125
0.4292129292086612
0.891212988061427
0.5573852642546854
0.018979299078764056
0.9020494322942363
0.8558747802478112
0.950259322738878
0.7477322758092024
0.9445874258769772
0.9910678118145164
0.11696966167050915
0.5519010815164044
0.055387016112704135
0.046566816571098284
0.6850149320287953
0.9989914477964688
0.04180072186352435
0.0020310572526869297
0.3965262103472867
0.16358233719373816
0.5019970108725522
0.4262903305095602
0.3079394219449777
0.8869163991868381
0.7906868671551925
0.5129975932450122
0.4517654096821673
0.14762610364038675
0.30918561637554687
0.3844821813987609
0.13707730594730358
0.06600277039856528
0.4904115076048492
0.1046998633870806
0.9000197183555647
0.03230711733663214
0.4060659918852593
0.7578987557204117
0.8507450026037827
0.9278446339566244
0.673171710177863
0.45257359182560447
0.609281737879344
0.09710103040311635
0.7544551600007603
0.7569558153442715
0.5597591428159515
0.9737306798286329
0.978709286742744
0.34332741421723734
0.8570555878233794
0.11803344807527244
0.8806750804397934
0.9451852135832017
0.9282581351745087
0.7736392895918986
0.6896125723359294
0.19382074915003966
0.8824829713496747
0.8501717275703442
0.5083841289467682
0.21547436195044878
0.9730498513693987
0.8591437188582214
0.5228311845764423
0.005830628856716702
0.9597137539631979
0.9805006398318807
0.1128886495271002
0.41634992354355793
0.20851366299348073
0.46789429430652324
0.12117244607606481
0.8923159673646439
0.4446319166545781
0.4433674572101485
0.522502946144755
0.06974712360264035
0.2971130509783413
0.5545621600159023
0.8177708576565412
0.842035208349369
0.5310703999841944
0.9057835690759857
0.015055515157849966
0.43955270303148
0.5186296401487088
0.5811300717494834
0.34255945754688666
0.15190460284927498
0.3540417915289523
0.3840535263714848
0.8932055973353539
0.034568297142938985
0.9433607358195966
0.9033118107573123
0.32522270456464963
0.8443546859040614
0.30689506484280593
0.05453196948988407
0.39198865175580755
0.7749872427862559
0.4528947427687622
0.9526208407795996
0.8721127324412199
0.8115845457814028
0.4044200264611166
0.4679246963054437
0.8519214614177704
0.17426698677300423
0.28823284966810836
0.30478945200223767
0.7929748681860201
0.6337855661758185
0.6492538547749469
0.8867739826243397
0.5105984489176201
0.3404321607894518
0.8938601194143578
0.20560789582327946
0.5349136303363617
0.5347111125844364
0.6641536279171709
0.34609572275210904
0.12922492816667747
0.03969882475324108
0.8844594181268829
0.6000998863150737
0.6862404583149457
0.03968464106394265
0.6124913812727106
0.10041974915277141
0.817736484157322
0.7280948490949641
0.4441152415516363
0.6673779737401146
0.3423039871792781
0.29236356036383726
0.0295622050424267
0.6037351145771314
0.29800010853259407
0.2476002091039553
0.6706459190648697
0.16839432851550562
0.8076370778784543
0.4265691133712286
0.9739754762051618
0.4339475398249629
0.35507952980696245
0.1370186199652874
0.3907347923336131
0.8528495150835934
0.779699868383182
0.2446098109916156
0.8360041629611616
0.41985422283284235
0.6731680070606114
0.18732308414521004
0.5448190589078166
0.6372098439234688
0.378043162644088
0.2494217385127438
0.02477836160051128
0.21388801874160368
0.6500793922217258
0.7006354172486972
0.15332864921918946
0.803548402611577
0.5245881718615599
0.25090186097108247
0.19672924331301522
0.688639891817401
0.6438611377106702
0.6826919603877792
0.5002376072965227
0.000244898503174662
0.31721824402119364
0.5149775400353434
0.3985946121178692
0.48020692163971623
0.38622826173055314
0.11227201136057063
0.8101244840493921
0.25476349051980707
0.4934218317303887
0.05035194988147185
0.975234191654393
0.24746015408720146
0.7510234829527471
0.76088042736144
0.186939645885295
0.004930241126038446
0.014026153902674867
0.41875655024927183
0.009112921770757548
0.96117231251262
0.81864569250315
0.71279480337688
0.19777440218105966
0.6348584633109543
0.7463883963491221
0.9258518171990919
0.7591147874205046
0.1580138366555524
0.7190563480378189
0.4757985289963467
0.47317941377352146
0.4893598856447634
0.6133103713740233
0.005436261733306358
0.6420113578582283
0.04509786364890611
0.14090084172826733
0.7111576007676228
0.6701732980911674
0.5673734239617384
0.2860078445540173
0.855364674142107
0.6175446754454753
0.8439329254280827
0.9172807050808888
0.7992624150203242
0.24736705980659343
0.47406968789868437
0.20390317448911754
0.2854622549981567
0.9960917818163169
0.47498094173260746
0.854918801339906
0.8448668270808142
0.2895323917651944
0.753178565953595
0.020487243645820774
0.1446879002758623
0.2825138127381468
0.44074677099066883
0.5551978792656522
0.7425895732681843
0.4223560307319827
0.2972141848039993
0.16743481406179672
0.6775963606710853
0.7958003327610192
0.6162523833589274
0.9556271365054435
0.40301644428954586
0.13872985791672357
0.7904876103789515
0.021121929348225432
0.7105924716858162
0.43046597597376457
0.5235143262200153
0.3491228516170853
0.7359771804853358
0.2546094131910561
0.17363364980517515
0.2069447225158101
0.7122942072099689
0.730323611336495
0.14799683974660202
0.44137119717988726
0.9860662452888747
