4.4772657351837173e-07
2.703598592256505e-05
0.0013821924609140185
0.00013312634795680685
0.0002071858115433465
6.760332751823365e-05
3.7901321357737515e-07
5.329159865409425e-06
1.2158348555834802e-07
0.0007068076717293153
0.0006586615672970077
0.0006434621518941905
0.00017692449442542848
1.1613043783700038e-09
0.0023337704249765524
8.424449819238497e-05
0.0029838694245436803
6.129463188145008e-05
0.0001843605050785601
2.8550362338998523e-05
2.755466091891699e-05
7.506966819447934e-05
1.659982905989535e-07
0.00010289321622255304
5.885791115108042e-07
1.1098501031445243e-05
0.0003235531570483705
0.0008041661551256825
4.840395529577997e-07
5.521275144613623e-07
4.082720220631521e-06
6.960025106222468e-07
0.0020455467219948373
3.406942917602797e-06
4.1223953269300285e-06
2.3499611706577413e-05
1.6610066490130806e-05
2.151313907148129e-06
4.448767038104557e-11
3.4955371802724166e-09
1.8551175715738034e-05
3.512118125199871e-07
0.0003273934439107016
0.0006335131359096021
2.876782557869913e-08
0.0003027560457531666
0.00011802413762752681
1.3312681234201819e-06
0.0006041907580285216
4.5551638402034895e-05
0.00019750283494863417
0.0001853316619037708
0.013220506408693251
1.6799970666006473e-06
9.634192222994191e-06
8.928330146154804e-06
0.0003398265909105597
0.0001968068443404141
9.05300625615883e-07
9.102802283160045e-10
4.9424704542326985e-05
0.007898949303735105
1.023396712705172e-07
4.4008279412592e-05
4.5419533654886316e-07
0.012809030269509386
3.972675536163051e-07
6.02274756607544e-06
0.0001688233271225926
0.00033216695647981083
9.586549749099097e-06
0.002285474177361758
5.055412550177853e-05
5.487358378403241e-07
4.022681615963518e-07
1.218740275741561e-06
8.523862133817623e-09
0.0009169070845924961
0.0006241626417238781
7.581424873302733e-07
1.8497072859697307e-06
0.00039837795892927284
0.00024000805980791502
7.084648863031676e-06
6.670888285174332e-05
4.262166975160215e-08
3.1509981032851727e-06
3.615068674874075e-06
0.0007266678418355857
5.81481394470955e-06
0.0010709255316666806
4.805911620686678e-06
7.0371120903166255e-06
5.527576834134754e-07
0.0002055371692619482
2.7285690118947217e-07
0.0008200784981555033
5.2154699252310645e-05
5.496030747017168e-06
1.7814819683538952e-08
0.0002761822250342847
0.001369556626545504
4.653347166099766e-05
1.1574887122126948e-05
1.1326202485700746e-05
0.0012781775545762388
0.00017574334708033104
0.00020422201367983206
0.0005033465777594943
1.3142844599694145e-05
8.80660021759112e-06
0.0008848972145266316
0.0004655381615007576
1.2167074679697866e-05
0.0007051036717245796
0.00011355402605140003
0.0012653124753847426
0.0001295048010924013
1.6137978003207385e-05
0.0006372812395599577
1.7144364501430128e-05
2.1258711668842352e-05
0.0009929843452673502
2.944961407037632e-05
0.00018289199240777314
0.0021100285035834973
9.028777940041725e-06
9.798195516588699e-05
6.590656448955413e-06
0.001567633473631827
5.2286886051624474e-05
2.8345672543199925e-08
0.00940373025534497
1.8177532977384366e-05
0.0001438015453641874
1.924099143286301e-08
0.0018914235651958252
8.883713555319449e-06
0.0007337390268369816
0.01033318745155204
1.8265250665466263e-07
1.4824143189287097e-05
1.2813053358564584e-05
0.00010064350497269851
9.61352660162337e-07
3.4239139907611655e-06
0.0005448564706796573
0.00034799235809567576
0.0001605328421766891
9.588099343852264e-05
1.2451518177305609e-05
0.012073502950147879
3.280928327067396e-05
0.0001069735663673808
0.00020034976659716813
8.629175662551984e-07
0.0002125916613509627
0.007615667505346901
0.0006641024696920053
3.683530455978649e-05
0.00023489557364743803
0.00013196288871575006
0.005533002600586331
1.1502262680111839e-07
6.83205512716539e-07
2.561860603724603e-11
9.6011756793928e-05
2.0141971963726378e-05
0.00042831903025148115
0.0004050146008668854
2.365592849024805e-05
0.0002749623233764268
2.1829410825461308e-07
2.8905369094682818e-05
0.00046162844736107094
0.0010397423882467136
0.005371897554341881
5.307271135894532e-05
7.604011920455317e-07
0.001366003172019341
3.6813586724392595e-06
1.2473968235283913e-05
1.2705939091675077e-06
6.380371755797509e-08
1.3653820280428818e-05
0.00652898371049386
3.75284373966098e-07
2.5898511123064973e-10
0.0006577370526359235
0.0002318818613912946
2.300873851741386e-05
1.3564738651695296e-05
7.572254192267812e-09
6.625909539708196e-08
0.0019905633592095656
7.730342502561417e-05
0.0011692279812803973
2.1718480558019632e-07
0.0001905613488170489
3.650184633866169e-06
6.893271525112565e-07
1.4280771030981556e-06
0.00039220861603701655
1.2648652166166563e-07
7.941623237363335e-06
6.280425046305191e-05
0.00014293777484916835
0.0013705435858704035
2.861387036832283e-06
1.6982311104950257e-07
9.383175907761837e-06
3.70700505011163e-08
0.00012341519365902177
9.228646391566406e-07
0.003408489387508954
6.296198419215465e-06
0.006671743917636388
2.173404418998208e-08
0.0002590252786127599
6.6023820619499895e-06
5.134416476282453e-07
9.79274412662184e-07
2.1351490112918225e-06
6.278233614906077e-06
0.0012154534812614042
0.0010986053317518633
2.561745880904458e-06
0.0010350330116930806
5.988867712449987e-05
2.7898978791456505e-05
0.0012965961001431213
0.00027338308059251176
6.253115613730716e-05
1.512676238748359e-07
1.6144582492505978e-05
4.5709357064406557e-10
3.423912735051791e-08
0.001415285114384969
7.65570085029487e-05
0.0006305175895054442
4.080150272238314e-06
2.485352948113006e-05
0.009470122651541065
0.0011815296139754464
4.070050601548513e-07
0.0006180103851402627
7.830592884865097e-06
0.0020489898501665754
0.001417422171537333
6.258085024052333e-07
0.0007581681826075748
0.00027473768264196216
5.746737171779105e-05
2.210547631568825e-07
2.0480460499811227e-05
6.960747955445375e-05
7.103885458879888e-05
0.0005791945299754917
0.0003722881305881405
0.0014973193473361208
0.00019733513651042529
0.0004030107301360557
2.9869443584169286e-05
0.00015355107821100227
3.5846266673327667e-08
0.00030323847388891677
0.0011026680622291706
6.656771920859538e-05
6.328800296541529e-05
9.693614643624074e-07
0.003534501034661771
4.948229385579086e-06
1.5555029212271063e-06
0.0027866264765877276
0.00031223709897640925
0.0013510307511123392
0.010379460437859317
6.051311193869859e-10
1.9344761698809504e-06
2.4073239041339563e-05
1.933073828615972e-05
9.608297574581227e-05
5.813965717958559e-05
2.43489546740116e-08
3.107499561473791e-05
0.014134461643259334
0.0041316950254437655
4.004822643553636e-06
9.785274374203672e-06
0.00034131956847483646
0.0010297697206141474
2.0734864119998482e-05
0.00017192254369851936
8.197970648307133e-07
5.453595787406664e-05
0.00013955647546301845
0.0001092364176790412
2.9804976254910647e-06
0.006145887555649937
0.000283395390546427
0.010807704626330735
0.00012624404004118377
7.815281901832964e-07
0.006811401732451214
0.0018039688001658973
0.0004581942058597556
8.710289766949736e-06
4.636176647383025e-09
3.7698760924101894e-07
0.00014225096138100097
0.0006148889942976148
8.743629330208003e-08
0.007211984724079896
4.74967520922235e-05
0.0001585140840852468
0.0001151714139034383
6.758365832882878e-05
0.0002513706492154764
0.0004052288855724393
3.420889145388526e-07
6.813733014585426e-05
1.3513189841337695e-05
0.010993740294532324
0.0019818823645154407
0.0015041601522459607
1.2104707510653435e-06
1.1884346792291769e-06
0.000508090690529976
7.43627461596449e-05
1.0081305447051388e-06
7.247960069673391e-05
8.555632846829378e-05
8.947699675008172e-07
1.5472479523903893e-06
0.007986097277773059
1.4407487958934204e-06
0.0027472780753320975
0.0014057202766647773
2.8190669440352337e-08
6.682129618955166e-08
0.0007777605501400388
5.042516615963164e-05
8.05363490925118e-05
2.8534309807868233e-08
1.0067560661021894e-05
0.0006662733108479119
3.462607368825765e-05
0.00014213177374347658
2.167467620954994e-05
0.00011278154218165618
2.685371112086377e-06
5.294096671224838e-07
0.002880978724200502
4.757353980945042e-06
0.0016660920669068118
2.0682513631478915e-05
9.856667221329302e-05
0.0003854978513181566
1.6563943409959898e-05
0.013022193148826647
0.0024572774937499497
7.69663074375316e-08
0.00020006985673617277
0.0002319234331965169
9.648180463001013e-08
9.270062983536782e-05
0.04045295714178017
9.119505494140076e-05
0.0006416695992080849
0.0003379338696989716
3.423079361325728e-05
1.8838032855526522e-05
0.0001268911786958757
7.469960378404411e-05
3.484715947989229e-05
6.404755602467088e-07
7.320605336529163e-05
1.96779722870744e-07
0.0002837578666925054
0.0003209228335815189
8.945387023736045e-06
6.683355997370184e-05
6.954159868638849e-05
0.0017440921294571159
1.6458668224829966e-05
5.298112723461426e-05
0.0007507097028563256
0.0008004234700277077
0.0004330041460132049
