0.05490502839272003
0.019672816870143873
0.23809194616390983
0.39594595684084966
0.10359943251875939
0.19748661940146617
0.48369696553645225
0.2139764518409173
0.5566788795780944
0.6387350157766631
0.6091862860199233
0.6830153998582265
0.25630696736473385
0.4438167998394336
0.031985038486894914
0.6116280906640184
0.4756257578219809
0.0023758454920119743
0.005945755787639451
0.18954329814664805
0.9331206808509548
0.1130375476937275
0.008067374851223465
0.6362108667545436
0.38285872958382733
0.4074829676913106
0.7957991328677919
0.5436117348784947
0.18114432330751407
0.6152054434235489
0.22194771898263532
0.07133961461595602
0.8879384354305175
0.7726939240629764
0.40351244415026755
0.2083269022725609
0.5650231254426705
0.037359209721171155
0.018064797140028954
0.6412978981891126
0.029926665529877994
0.9794348819845496
0.629061728772432
0.18039670209893008
0.043153815696016506
0.5924131123642988
0.003844682710289149
0.5591250778874316
0.7202712509319187
0.9703820673830773
0.175079209408878
0.6781597950025335
0.7972106197879791
0.6470919810084154
0.35648641222880967
0.019146934813259554
0.9458031862377788
0.18866989549692567
0.034587119685159484
0.9249183691403382
0.3702930950130359
0.4208342163222057
0.8645318153208067
0.05729102082660862
0.005171742560554732
0.2085331932760904
0.08508833236966364
0.8199207139611089
0.5532396801644235
0.890988045972692
0.9895393382061799
0.18608773138493243
0.9301990142662055
0.9956796558097365
0.46704764011118277
0.06875644896165936
0.6049458799858506
0.9838192436378765
0.37128555089282694
0.8870660946361844
0.8076153627402098
0.9455469630042072
0.5189354364797814
0.5620280608242365
0.315162623329005
0.30809813238160694
0.060431469234496715
0.1365902343388889
0.3303041437796521
0.7653211277860582
0.4261866420610336
0.03875587377452372
0.5919547521379176
0.9761472377743898
0.1613667703709757
0.2708792444987991
0.11869289464199317
0.09512867521503976
0.39009508929491576
0.6752987821859767
0.09878625409518138
0.5973984933482492
0.20242948834947067
0.5326204349830037
0.13801145041986662
0.05810393627394217
0.03587333307534846
0.08953754828527272
0.6640142079444544
0.2450738567362717
0.6294351116252375
0.8826276591087734
0.3341118975159427
0.631507392947017
0.1449701702176449
0.6504947652402999
0.21483962097850196
0.6766905613814671
0.19504519694453545
0.29731080299416
0.41901447043392603
0.9910242003638066
0.4601829460715232
0.22025937717587518
0.12377430229402053
0.4757678465458866
0.30468814854717774
0.054997718428352466
0.1742528770721775
0.312302808203343
0.4730340817822696
0.6231182141073799
0.09057702580520655
0.4423097590534375
0.8617400587663406
0.24076219727765213
0.4244244469278402
0.37076017987111304
0.5153459729759808
0.04921164718503313
0.05055540986234321
0.9446047791867273
0.6375220826064669
0.9711042065378223
0.7381190176821457
0.5269805167010794
0.32889558945440034
0.14314517749294747
0.49753448031671815
0.5846144717449778
0.0960431768936707
0.26083048013493304
0.21466960674805402
0.39248796722487383
0.50029618635417
0.9587917344014962
0.5784628017143085
0.9396348231288547
0.22965264566563026
0.9146401418456167
0.3982538338907604
0.41785826065059917
0.21247200410345002
0.4009438674888096
0.9221738303495621
0.8671903097635739
0.06149827040989231
0.6039561422903368
0.141356134008337
0.29788410005128957
0.48184540751672866
0.919798311036566
0.9935200783702298
0.5751742720578762
0.29908914945084264
0.10259667851305052
0.0320244127155358
0.30485313074557996
0.03952826576730861
0.5538004766675453
0.19212102352798785
0.0834267936981369
0.03588970710030259
0.8174724450726524
0.13088189705323616
0.06679556800124598
0.11121374811169085
0.540223520470835
0.41196897663173204
0.8172417185150603
0.036408416673440636
0.7422726775130222
0.07259894536730903
0.07972822565593085
0.6148633191331809
0.27646749979838403
0.5869735032457144
0.10380070231783156
0.19993640172703597
0.39296378942471977
0.25829728761996384
0.43795873970299315
0.7760311844841047
0.7894587355720784
0.8916765976544148
0.17585675870484208
0.15128202448360883
0.14804480987796415
0.3881379614924032
0.711201365599714
0.011800777414711527
0.3601532913935795
0.8197457879318608
0.9874459686830667
0.1273057860378699
0.5799125678181658
0.6677632099556424
0.9620257520446545
0.19583221133647155
0.013968835075094894
0.8771448724360511
0.0006777960232511315
0.3302113562586931
0.43602536377292256
0.9266410004158047
0.49709919123446833
0.9661740624646437
0.209063282722816
0.81805055695991
0.844249382811731
0.5534919557332725
0.9428469995933056
0.9197467897446194
0.4109409227656778
0.7385444743560691
0.06685339251628292
0.17910346566423319
0.08726653798530433
0.49186361554570635
0.22058144491796727
0.21690468250244388
0.18011768321242627
0.8401798737178333
0.4823367671675016
0.4485380615851937
0.8804873863338475
0.5398404981583578
0.8610765921546544
0.3664927901621314
0.12181308646669486
0.6696820124909365
0.6644945789555594
0.015362600037871488
0.2599598270812625
0.09395523751894608
0.9348057503201042
0.14076435032851142
0.8248055069182869
0.8520084632145626
0.018991732668784733
0.48114413248868165
0.3765029196690646
0.6327281653989635
0.02027588264287772
0.7056505816902195
0.6208941823019472
0.09854121286025852
0.10710062612877191
0.5358756338959736
0.04796160438754393
0.8612989091673677
0.8379219872374037
0.1784275973837976
0.7324657712069172
0.7867710706176443
0.12019533147451929
0.9885591406087085
0.460601480429631
0.048465979331707446
0.8138823004326867
0.4425080691610406
0.6332842400348477
0.9959648421465181
0.038057501745951905
0.75154437110852
0.3862673956974573
0.16903662446862713
0.1636039704708634
0.5816952439555756
0.09204569642469895
0.0426238216102918
0.39081406583315426
0.5936480123957414
0.5673026724288064
0.030668104225600734
0.25941020280317884
0.03295053284621097
0.4217632557439872
0.38928839999240555
0.33214545667736894
0.13014724208094083
0.02278945297644297
0.20169434654365626
0.8960974502062427
0.6819749655226683
0.7477086923132379
0.45980507749445376
0.839506386693054
0.2508728791775594
0.7059156426889515
0.2644155291196493
0.7344542239497033
0.7758392614652685
0.783405331166436
0.9226855072218032
0.8746165108216084
0.31535070351433747
0.4618515226464266
0.11870483246098873
0.25065695880969624
0.2824270579134514
0.3715006172896221
0.051599857178078024
0.1259172189112209
0.8189292500790866
0.8972316903823203
0.993182799668823
0.4069965572984606
0.09357568053469456
0.6523526370953427
0.004236689307739461
0.05418625913970154
0.27476293692826714
0.2716740991326617
0.7424648902572466
0.02446991282024017
0.23918149374874556
0.18472546318781805
0.049417851353969144
0.268437448665746
0.31853516946219895
0.17890155420928738
0.20534045775074136
0.415575487661751
0.30927989867208217
0.20810763248915642
0.244530178876452
0.30262608420465714
0.061717519900344665
0.6733793051214805
0.02676437081301075
0.6911260494506359
0.7995572822554761
0.048221725943243275
0.7623807234992361
0.06473389832385747
0.22112331250532902
0.1884644464130103
0.8892267448693627
0.014146533243786398
0.5300141778153703
0.24352280893337888
0.28581053578161675
0.35413887087508034
0.12622631540467147
0.770326569089352
0.5137474188866508
0.5171822548327252
0.05613095316302698
0.5940507432529603
0.8242587712076384
0.7507441491263175
0.05258669283961679
0.437670364088943
0.2432546336298449
0.6931868231655591
0.25359134060885036
0.7593613853281492
0.7044025821607283
0.8633746752900722
0.7287302441652466
0.5907753477553053
0.27076875487666174
0.024390921366367307
0.24387205589326122
0.3233980746538212
0.7414062915437611
0.26002154973339764
0.3354153451657893
0.22764447296188584
0.43427840406377577
0.787852456682701
0.7884324849528064
0.1386596513972117
0.09855064998302908
0.37859719154049687
0.4008775208041091
0.2529811371367709
0.28705411211684523
0.6364883151594243
0.2084088298796909
0.7883908015542522
0.9558131042662175
0.7178475879682205
0.9105096178575618
0.26519558443148744
0.2319680829834004
0.9787481517573661
0.06787395631586146
0.4340704673390714
0.575932446080753
0.5547716395338884
0.7176405739445553
0.8701089048212376
0.01099924056770929
0.1413636824082669
0.11004882545666941
0.3322199187867425
0.6510128356278992
0.6890560349267449
0.40476553996501696
0.07068596721193843
0.9327061172951945
0.5239841847284672
0.5189167490257626
0.9247262989033287
0.12998792541285686
0.05286528594002293
0.8465928803486897
0.5395371827833937
0.8622156753850947
0.9959349189400876
0.5810902082771473
0.6178337993876026
0.2898900584195774
0.7138790347178023
0.060683041921236754
0.5078614452697783
0.07427020258821762
0.9547474906951963
0.1569519724052173
0.8360919871527782
0.4893815082420572
0.8850286871190383
0.6191428777116335
0.9099305056996725
0.18576907272916454
0.062494977159183826
0.34410392142621893
0.018883708321520087
0.5811320238915852
0.2643472067546735
0.010204680608777883
0.9250644276756248
0.6284482428216227
0.28771049391547954
0.7779637151965983
0.6325808033375077
0.7419343443898624
0.43015466274843284
0.2545271409042611
0.7608200683282031
0.9986884582492226
0.2516491343303173
0.860308372920009
0.20331739157246553
0.1533864417614912
0.7022377297164608
0.973100635553446
0.37268557900731114
0.4529576324766721
0.44294083976998266
0.9236083634457937
0.03797120891499439
0.30751352401713783
0.5991367531098024
0.7231935285859583
0.4220120445348867
0.8835674260009356
0.08113307879005488
0.602532472816568
0.8964775995901589
0.44040587116303304
0.7344338207561987
0.9066684235478066
0.5446262157028161
0.008706934815181588
0.026584895085429272
0.12777580368858765
0.5896832942531764
0.8633205171974083
0.8301180500766314
