0.01649477429941375
0.0009533956470490008
0.037304263657219845
0.0006503684891990408
0.0016477128830871698
0.00011833233760737046
0.0005236854547164702
0.004532783788424652
0.0004624356566238961
0.0001362414595020315
0.016419154445729438
0.004967825493286619
0.00720701908502269
0.0008619803372637269
0.007249611470523549
0.0008618128396219594
0.01119254035375846
0.008095956877292941
0.0010011280085058692
0.0015080861391731065
0.001896824815629447
0.00588374609939489
0.0008907259590195661
0.014957037402877623
0.000633163542690687
0.0068767584384253014
0.0009104211519780561
0.007366354011126913
0.014602533850433325
0.02409053279587842
0.011983842441409931
0.006335050840759205
0.002911888072046463
0.01832126638989396
0.0015921131456052618
0.0003861005462789498
0.008244672445182887
3.198024324421521e-05
0.00010490170137325582
4.663381857611021e-05
0.0026174117305345877
0.0642915494580731
0.032960935102990356
0.003569289670515732
4.968192304570886e-05
0.011795880384319087
0.0003684098451038865
2.8509179924093823e-05
0.009881610951411891
0.0012341063955500216
0.004540618963990892
0.0035435733933392834
0.00705071238284333
0.03414083586758226
0.0018719918598940472
0.012830270993260399
0.0024269991905245315
0.001047259971530993
0.0002455758251171847
0.03615042957000489
0.024328313163525277
0.008681172667456018
0.0005638081415893051
0.0003746892540750643
0.00012867452685209503
0.001333988432117599
0.004848340403750581
0.0221328707427501
0.0005958982882146114
0.0021023313903308057
0.004524994981802224
0.009510701289560414
0.016213652860552277
0.0002601157556693692
0.018303139466363246
0.056291976577588686
0.0006611978066820087
0.0017720870221394234
0.012572925847198949
0.08389871595974364
0.001142434823689825
0.0005933382734468477
0.004514443864105562
0.02252035150050835
0.000582852070584048
0.0005594455135566265
0.009831481465053518
0.0038388939479928304
0.008679732147460126
0.011561743988479962
0.0016076507122729647
0.0074926162269251
0.0009442979494271278
0.03487994992942298
0.009108236713948403
0.016703177883446992
0.0036842500606126456
0.00040750742851027895
0.012536769015779629
0.0015124911293789112
0.013098152257512149
6.795428646460661e-05
0.012548316960347016
0.001473408450510656
9.728726577017292e-05
0.0003434932717590759
0.0009144422125045302
0.0314457885024825
2.9438108773114083e-05
0.0030911300109430434
0.003334920215914804
0.0066702384743954945
0.00502975967277461
0.004552466034005234
0.009429941836992362
0.0006624168427248799
0.00017326734785625154
0.0007858312152440995
0.011691362683276885
0.0018446326633081316
0.0028359041173335268
0.0016590874992192192
6.865870977763763e-05
0.001974457708021371
0.002082404598141875
6.895724831983365e-05
0.005240407684272848
0.02705206074852633
0.0005796158717540636
0.006047325060944371
0.00010471557495275721
0.0009676651410890078
0.0011844229682588733
0.004852076329947186
0.0037689279816708497
0.0009180991063024211
2.508458708238019e-05
0.003557841028216026
1.2496054688856347e-05
0.0015410871171134424
0.0013761773082142461
0.004483258286594626
0.0004996042366639251
0.0015088416980434925
0.002761235413055225
0.001729466830912785
0.024731422032532827
1.8121049771739225e-05
0.008907540959702611
0.00016123321537217606
0.0018085716722949373
0.00020670893848899637
0.00016382306716833085
0.0005425664721439284
0.0012078739122969742
0.017629594886218215
0.011309636438655098
0.004228935233932627
9.366962612959393e-05
0.00021152854660226407
0.0024834767244117624
0.0025710738240687283
0.012979241980416382
0.005421734175564806
2.035312911007607e-05
0.0006926271442865025
0.0008444316844486692
0.023058325813350905
0.0002422327093932189
0.0012182044422611217
0.0017508587499103297
0.0007128432879884895
0.00399561862783849
0.001115390000938844
0.007478687177618798
8.265824809343884e-05
0.0014011016284883743
0.0005308815046268135
0.0016911357929838826
4.7075497818845106e-05
0.00212809786669023
0.00965316889125964
0.008021126075732035
0.00023961140155063604
0.0010904198878552377
0.0031784651030173855
0.014025462474159353
0.00011816070540067228
0.003382477017489411
0.0003961476412148332
0.00036819559054237805
0.0006306046539551688
0.0017561910202602247
7.008777833532815e-05
0.002570024245332168
0.0014081437855254782
0.003506350918518456
0.013897785655230388
0.0014040764124125045
0.004364377280159585
0.0008509462555411468
0.04412598000630361
0.00022038189050216993
0.0005900004485600914
0.011152544200050804
0.0009338400782496728
0.0007045564887310452
0.005665302659010067
0.046203144593722635
0.0006058380775243523
0.0011647379120273515
0.0050849125751363895
0.005789246237445029
0.002640546020611247
0.01176903988572798
0.010401923932294277
8.243404115757375e-05
0.00231604524948536
0.0028159563071936565
0.002326482383435091
0.0002996522795781396
0.00566543872411565
0.0001071603016850936
0.00013294485895278948
0.004987238375870349
0.000985223423134138
0.0004823030244830109
0.023721616710099775
0.00016043019107012932
0.038662449779023604
0.004826125642263135
0.00027496001725915996
0.029606463572642013
0.0018669567927662623
0.02006686467552811
0.006054129880950843
0.0003510202762297914
0.0014963223688991445
0.030519256476217695
0.0003365952020754364
0.0008916724369104479
0.003596721439270922
0.0039121402425640606
0.014758916371857332
0.015453828973273596
0.06288172505346011
0.021921486134729887
0.014289449667435474
0.01845523212102215
0.0007577859158570788
0.000502216524792741
0.0024951652335221492
0.0006924513206468981
0.00035270413401209034
0.00037349316276859604
0.0014997774958653931
0.0022618487870104077
0.0009579355093374695
0.009512802468195745
0.010604932965053467
0.0017836441777745375
0.003763789098044662
0.004779552151077007
0.005495307012012258
0.0003529891715397667
0.0055752839016053185
0.01655234222798461
0.0023675013117992715
0.009127136327376401
0.025290276767126193
0.010909524409964394
0.0007456593839296681
1.290485508850108e-05
0.00014652345481265357
0.0020290755037160996
0.003530670697106838
0.0021512105835712874
0.008793750644180927
0.0019345414105906066
0.000437086645385039
0.004153859556419003
0.020640758972394188
0.0010331269486115555
0.0016006540580799935
0.0029984562941744275
0.01327948870301503
0.02337896364583033
0.0033466083120658233
6.172186188395823e-05
0.005132403064188585
0.004552912906202987
0.0015551013120563373
0.00015494355972623877
0.004325289941344908
0.0014776553858370407
0.005215119435435808
0.0032848165130610076
0.0021770539865047143
0.007070987096450331
0.004042194835024667
0.000965801355729942
0.0005201973781894125
0.0371951482101954
0.011623829279330282
0.0022938827236621355
0.00512265743498465
0.001846690923597578
0.0028436275281219624
0.006570752642878759
0.03773706607815246
0.011424760474318932
0.0014724530517254756
0.00814618319392145
0.009945802509442688
0.006400665054881329
0.0001264819961173335
0.024166165884851907
0.008620857360312744
0.06386867884973885
0.04484759721307396
0.00028045495771312085
0.00343943668127515
0.0013841082799230622
0.001741288059126542
0.009887627428149788
0.00030662092718205245
0.0045339379205658
0.001076162636584064
0.006185356583511056
0.001252209985969645
0.0036052442084376023
0.004461984783802873
0.0033874394087062914
0.01083700463326815
0.007558467147847959
0.003158701064682019
0.00018611625887079237
0.0006259201275105375
0.0031810530925638256
4.957404868913122e-05
0.0014029310344340392
0.002629308872068621
0.004430192805154513
0.004779747505015534
0.0024069611908090643
0.025413555229624185
0.0013083327453355816
0.00013212348426113864
0.0020073242809258117
0.007884630039038927
0.025535797714445283
1.3992462646963575e-05
0.008321219647605411
0.0005995736373973151
0.0015541559003286617
0.0015712274555204416
0.007207270259953522
0.009792232814287104
0.026381889197528527
0.006636058412353967
0.00022735650223398794
0.007366096046143038
0.0007152688596143526
0.012622268889815049
0.006100756861791175
0.0014138448920723004
0.03826864943446385
0.011144589011843162
0.03333806121090549
0.002116920225059884
0.06255004870012006
0.0013553351378003042
0.002201734221872335
0.001725430632001926
0.002330861926558767
0.002839372542841159
0.005131605019598542
5.2061931940062015e-05
0.0005346920511619144
0.006212608165859495
8.083954766229314e-05
0.015818013172518405
0.054047704522283885
0.010969039615911702
0.04627999831220618
0.013640383152466106
0.004442678140704716
0.00972823346751803
0.0003333645750218493
0.0010740005357447531
0.021881567235185136
0.000422544421935451
0.0003272481015734907
0.00998899171368079
0.0011751738790508847
0.0030114627443127394
0.00097682939806974
0.016374951055049283
0.005492808362594848
0.0020761396715476845
0.0008654807623496544
0.004046367650325588
0.008896239419961023
0.0005641723318406848
0.001748841506525436
0.02431267431379304
0.0033825995037924956
0.00267033311211271
0.005068377866161769
0.00032493533510793765
0.000131596367905825
0.0024093153566422908
0.061644290281679
0.00011988985659023783
2.6500503291719136e-05
0.0033912802983067135
0.00011380434689655416
0.0013445271906487924
0.0012050556005160106
0.0020830540227491402
0.005468134320194717
0.0006362388969650654
0.0035377634792364706
0.0014970555582879577
0.0021062247823751155
0.02644325712586474
0.03192520405962403
0.007960694874340552
0.04737448832561743
0.00435586703413699
0.005796643045568925
0.0023139825625770496
0.00016069242367897774
8.471493955428458e-05
0.0020513410873983138
0.0001441144587188193
0.000688365663044568
0.0004380056768463755
1.2809570225447961e-05
0.02577942038780603
0.002691832823192395
0.00952481770849168
0.00015702096684643157
0.0008413760979329518
3.0600019026967846e-05
0.004944376841211087
0.0003735827718648833
0.0008039758631629369
0.0030103267716390858
6.88947182738307e-06
0.0005520521016389631
0.0003403880187949856
0.006291740688828134
0.0024452727907019202
0.003736353075490826
0.008190082608908791
1.440447667229623e-05
0.0010950938635975946
0.05035262348200407
0.01235933945627896
0.0025036604541936337
0.023662772529977113
0.00012930473193300588
0.039605853913701916
0.00014651539316164268
9.197991948832688e-05
1.815045346890456e-05
0.00034557119778660976
0.0005349593496852472
0.013467792148797864
0.011082245573664825
0.010102244338283835
0.002476858652726305
0.006658135020956277
1.2162262889924168e-05
0.0005584515685230316
0.008248118357846264
0.01886099864736322
0.0003222399067211633
7.579665531316306e-05
0.0033354426262908014
0.0008404736069080145
0.00122827200425208
0.00014970048273565807
0.0007633379986498749
0.0027623381292845323
0.010106627620104988
0.03264786606289747
0.002034505773237941
0.0022839103214735857
0.002883179051981719
0.0008950654117256375
0.05454443600661596
0.00045161351178390086
0.0007264758454874725
0.00319664666629759
