0.0549050527265424
0.4279455833092734
0.23809230741009213
0.7768069018370879
0.07235248572203598
0.1493767465688447
0.5728977975841629
0.12680008086799344
0.5566789209556671
0.7923819776562375
0.609186513790355
0.6830156080961824
0.44891273423581735
0.3496768449648275
0.03197141961946974
0.7499118023693785
0.5276403869989977
0.0011641590959208248
0.005945756193840079
0.19028002868584348
0.9331208257841
0.1130375735677444
0.008073586092026762
0.6362107083293768
0.3828586258276031
0.14200654399807458
0.40749183751507284
0.8432726921629766
0.5436113557864307
0.5793996019703715
0.2240947260136572
0.7800753994101031
0.7446484485812901
0.72797876736755
0.7726940497386763
0.38550605431848783
0.45181546695125674
0.5756173251895005
0.043762172769015215
0.256964879395291
0.623689939952281
0.07993881323834406
0.9794350803258631
0.7175427483796044
0.1517915782222933
0.5698273697576686
0.5924131563177222
0.7702909573155887
0.8029577056442507
0.6681802407327699
0.9703824985839697
0.20406083918865248
0.7231825370590712
0.4233032650139277
0.5353682903873008
0.8851111119095099
0.413044877130204
0.9458029591129026
0.22104822414862008
0.3386062007495134
0.5705270947261909
0.3703120999928848
0.7527613733039134
0.8645316859688271
0.06727070123735328
0.8460203448261542
0.7245045627990213
0.08508887276142514
0.8928617129437844
0.5037441389581839
0.3887548716300174
0.889279006465737
0.18608796551983586
0.9117066366240543
0.9956798001210434
0.46704745197361464
0.02461927045248788
0.5138286200928905
0.7268489534390911
0.372182737911655
0.8533706853826257
0.807614891122667
0.34972727857241376
0.5632573441116138
0.5724187812585095
0.03733480826770719
0.3080983499869012
0.028623903218617103
0.1365903266386131
0.33030422805608306
0.765320751791299
0.5533640380644924
0.18500447348177684
0.34212325429501866
0.6505516905095466
0.16138476059206086
0.2679341983820045
0.11869290325066406
0.16017307557368018
0.533138662314335
0.7502846194560843
0.09878628532802036
0.6381728271671864
0.2024278033643453
0.532620271179868
0.8376541117559131
0.8273137215192533
0.15790196902878215
0.08953752607955545
0.28466414964695175
0.315223770826962
0.12133873651943801
0.5021798912145345
0.33411156358526667
0.9833024764324381
0.5023762569842009
0.5559320585226899
0.3522555909684236
0.7882757527060227
0.24851699407503278
0.3620805425968965
0.4190144129450777
0.9910241807990621
0.4602426918484616
0.22025937081702018
0.1237742985064656
0.47576764082659856
0.304644861389819
0.055000319377480754
0.1742526290186024
0.3123028294653536
0.4730272593307011
0.6231184278968493
0.833209105103643
0.44230963758927455
0.5154904916760721
0.1548645451338173
0.2720337262638691
0.06717369259351336
0.5640610719391973
0.9247949419798542
0.09257885381013238
0.6120637717163947
0.7062476022928437
0.9711040805742731
0.7381255189968938
0.5269802545124372
0.623880298371887
0.14314527115649084
0.49753424211557357
0.9807932655572913
0.14211843409244085
0.21412236236149673
0.45305853758661496
0.39249580780274995
0.5002961475343419
0.6201092011348539
0.42021515801788945
0.1637427613053997
0.8082029063361355
0.06933772497410595
0.4366849039592584
0.8297302813300147
0.1550059552202656
0.18413991168454802
0.9993303717451544
0.2736655835210736
0.5934797872791469
0.6581123965369583
0.14135617601422892
0.2978840423642442
0.4024196497855479
0.9814396746564371
0.9701035138319183
0.774160213438598
0.5619577294713781
0.5291357206583225
0.4552406231316142
0.6545351032784409
0.0296691278288852
0.5538005721952417
0.19211015269359624
0.9346088228038497
0.5408634866367219
0.8174723555279261
0.9578071207452545
0.6418495533789175
0.11121408925520844
0.5818573926874939
0.3603629157930701
0.5429991521028207
0.08994811593094587
0.032043868297517264
0.07259941684322675
0.837136928128731
0.3788075530290839
0.27646764899360793
0.586973618087417
0.39367964561970115
0.8871452773056041
0.49642716098135
0.25829722398737553
0.8532679417630358
0.77603158920688
0.7894588516735721
0.8916768888289663
0.13928708754994057
0.5013981109295018
0.8476024405715945
0.4109577216435808
0.7112016338675466
0.015180699293496858
0.30361797209610614
0.819745786072649
0.5338543383708927
0.765153085844386
0.7213790107650876
0.6074596470081132
0.9894440590951568
0.19583202588273635
0.013968654847557592
0.8771449091501748
0.17713570571763457
0.5019462535474108
0.43602532031743135
0.336222052526248
0.4970997112600711
0.957562936106862
0.20906336228090838
0.5263314687874638
0.3567690521610405
0.5550552068642131
0.8769189570388858
0.9353369808511566
0.41094048211846285
0.7385463003410078
0.15937030873881308
0.23228615652670936
0.7321718374203353
0.3523845484154524
0.21690471397700084
0.18011772128195558
0.8939623043316768
0.5241023683629265
0.44853808069185575
0.9280504357692452
0.5569560147826487
0.8610763380783917
0.3664929550378762
0.5684755043825387
0.7646681385401143
0.7700393577439661
0.07980587893860247
0.4774146679152025
0.9976360197897028
0.7870761867169265
0.2909236379003006
0.8248189322514137
0.8520082611615913
0.07913596225713149
0.5194393095223517
0.384378233330972
0.2160441484946951
0.3550903957074312
0.21052328702308967
0.6208941905015352
0.09854120152846213
0.1891198201664599
0.0676023024561141
0.0771066469769468
0.5744534438398397
0.6888178090666786
0.1784277146171171
0.7324656221366244
0.7484390395066425
0.23022562800490065
0.9840300495938583
0.4411996932738347
0.02599975359197937
0.8138819686342029
0.29995550602521875
0.07245636413910872
0.9959648632518172
0.05487719918429157
0.7515442334428352
0.04119385197356171
0.6283146429820047
0.15827887720256495
0.6419285799259855
0.38427512551766757
0.04262345816565733
0.6006636535200782
0.5936482817259285
0.6779370791178791
0.13691105182862984
0.7319828923884166
0.24804807412548313
0.35013684552087754
0.2969681588307058
0.4056739475268609
0.23173405281046472
0.9342954768216034
0.669013112994107
0.8960976000418179
0.7970682530722397
0.7477087768212807
0.598893878702018
0.2043071610115664
0.2508729206735867
0.34859671871104925
0.6507904497486177
0.5785041903049641
0.6935648787201223
0.7834051954232737
0.7984334729621863
0.6279486948928592
0.31535077535343303
0.27883979156043903
0.2794402150198785
0.36653972465589724
0.40631991022984426
0.46639225967746817
0.03117405168812315
0.25566273954370244
0.8189294925942265
0.6937979176200133
0.993182473096949
0.6492214585308785
0.4483682570039785
0.6523527386354013
0.004236718660594496
0.0541862467612273
0.2966680837667417
0.025638264295465178
0.7424649475542417
0.900243662259333
0.2827294269689594
0.1847503481314756
0.0805857659996827
0.3909073147497452
0.8604895013767819
0.16175544456524782
0.2053399315286372
0.4155755803853385
0.30927986152660936
0.6849147963449056
0.891124229218512
0.3026260423026658
0.06171735983773816
0.7470152536279999
0.7724497435373003
0.6911259311138014
0.7972092026509668
0.3345507390339841
0.3526826641127057
0.3335364180079435
0.22112375835252396
0.22853875484236896
0.5752487391217895
0.16358876119711777
0.4435659386539081
0.8139592980419253
0.9977591326205937
0.7964435773056335
0.8540761389208045
0.8846972570135688
0.5137476816623088
0.45483724748729754
0.0902954158806728
0.03148320498196066
0.9010671317705652
0.9923350553992212
0.05258663507772101
0.4376705072551421
0.7366990778491256
0.42266622585779945
0.2447176543365197
0.7593616027305015
0.5775100450373787
0.5699773657351801
0.23096497016226097
0.8027404898478496
0.3558844020351841
0.024397144550750656
0.03192352793279757
0.3233979844686681
0.741041184870272
0.3283957804722749
0.3354154081909124
0.215947393202919
0.9900360578295986
0.7878524137500389
0.8867153533427709
0.138659098950196
0.18445127977447798
0.1096959249145828
0.4422721674417376
0.25298193005639186
0.22273603099037337
0.6298503754818161
0.15433050322841524
0.34317091652349707
0.9558128186966041
0.8323012210242948
0.051399302201323785
0.33093535133001917
0.5852626531706733
0.9787481291956582
0.05276801313721524
0.43407070650638513
0.4127678032770802
0.5539351023044343
0.6585431031367464
0.4522571952592658
0.006650036215738231
0.14136372452170765
0.7807302615356904
0.19559294096808721
0.9114586223974663
0.37493306138200805
0.40476560884940316
0.8503532315192777
0.6249625936242127
0.3531288481682395
0.5189167068233269
0.9247262327552174
0.6496502528645387
0.3670661228748646
0.8765400159234749
0.5015489779395359
0.3996679915358132
0.996799013801458
0.08409514220298868
0.5810902511475311
0.2924713021207588
0.17599019459349674
0.5671306963873186
0.4338931613357754
0.5078614103459531
0.07427009371197008
0.9730738437284419
0.18905992263104987
0.7007198188858585
0.48938129466614044
0.885028902050166
0.6766682016117888
0.1270621883674552
0.2084861976013188
0.047763024790382906
0.8211778079008205
0.01888371055727789
0.5764627404950909
0.8012158507838847
0.11085990157809444
0.5896456817678337
0.7520520336564648
0.28771044784414235
0.7779568271190752
0.6140349114877135
0.9903951175164682
0.4116549934907058
0.2545272153546485
0.22665512922761272
0.9986886568431752
0.25164921050001077
0.8530968903621629
0.20331777504907672
0.08714466247210817
0.4909351931871897
0.9731004908678877
0.45706564732224475
0.4529581238339499
0.429695836198815
0.9236081393816433
0.13058174258381894
0.9755720060141597
0.5991370042926327
0.7231934610876911
0.42111121116390016
0.17283892284710167
0.2146829032989659
0.23367663120930549
0.6361028049454625
0.44040598632282807
0.8550847041150519
0.6199856327759403
0.7480605680344479
0.8399150320415771
0.11336404616086782
0.1277757626495588
0.5738441686031466
0.8633204548825288
0.8338143206622803
