0.17978993540541688
0.059120029142643415
0.8152222735253023
0.381395623456682
0.41389832770827284
0.14596480124937536
0.12438442240911131
0.9569510251388109
0.3281078385013643
0.3628903414297917
0.2723825429203574
0.35372523593470007
0.6960848488268173
0.9762410886631925
0.2845239860903128
0.893034417205514
0.983340573431892
0.638160739549927
0.5707843996938802
0.6092389975000152
0.9151849680505426
0.971889173189802
0.15682530377906745
0.9909300710782769
0.7617944488496317
0.9634571886172443
0.0610388293286056
0.6965403051360091
0.5468456849218364
0.36316588280543294
0.8413723044354782
0.51845414216544
0.7306712385693929
0.8181295102566495
0.8359491974536835
0.2556560351184714
0.9679963289494771
0.055634793871119026
0.24835416390039308
0.8438131896418788
0.6769263015398691
0.6809299166607157
0.38436505997200326
0.8016223901023376
0.38097351781302585
0.6773868875549904
0.6437581389201379
0.45420922722832224
0.4570210697965531
0.7128752017003746
0.5078489441313774
0.6120089203234185
0.2374320233447102
0.488605750465261
0.0616298509272821
0.3569020553841468
0.5996027562542767
0.28708695990772004
0.9722157856055821
0.1602347598524625
0.057322312795853536
0.8544748216383706
0.8307121719873032
0.13234906693087173
0.5691115478456183
0.4290721215591718
0.15117384008301554
0.5141336277793652
0.8783420633721326
0.41327072581885793
0.04420345934370462
0.7772647063700177
0.10747864929150364
0.4620255564550879
0.7171677752406755
0.23474139239135064
0.7737594855436414
0.030721681427332538
0.35207100250463175
0.08310951757717944
0.43276063056232944
0.7510055802511315
0.6894658152273536
0.40367415056238865
0.39875649756571624
0.4052592739254313
0.6825792314147894
0.7425687872956936
0.46163311329977663
0.03788862385656522
0.04055439193383137
0.7304599748487708
0.792453464601695
0.2812656794309052
0.25270266866160385
0.21316841232458694
0.6236001979930296
0.5957497319989249
0.30671579933036774
0.4068746040457707
0.33554734894660726
0.8268626615865112
0.7181492932138838
0.11480397643065365
0.4644051684408227
0.3497138670153157
