4.303123202554482e-16
1.947553106455389e-09
1.5591571768921502e-12
2.8134445538081038e-09
4.071046382550871e-13
1.51526766012654e-11
5.867994741804248e-14
1.3162017651555612e-14
5.561994583662018e-08
4.1328092587906064e-14
1.8727675515504566e-09
9.18310488872128e-19
4.286463936304828e-07
4.3333857280366365e-11
1.4747193541676809e-12
7.400626213955876e-09
2.9028361079734406e-10
2.73006973063076e-10
2.2947095254498106e-11
1.942225932672651e-15
2.2645419196760523e-15
1.6650280075563996e-12
1.218599596276876e-13
2.580746855444637e-11
5.47401184395101e-12
1.7062074471451835e-11
1.3772327991418361e-18
1.3449783952894742e-09
3.3868828553241834e-08
6.017237979758331e-11
3.250526631996492e-13
6.49485401022003e-13
7.759821000486841e-15
1.0941420005988001e-16
3.5541525718986833e-14
1.1130259512273043e-11
7.643502672505765e-14
2.977804526491907e-10
8.167689054395404e-13
7.079115759259377e-08
5.081794752639444e-15
1.0006482015949098e-08
2.9863917867595115e-10
6.498000172903469e-12
1.7713539371203955e-17
2.0574430649528011e-07
7.35414579023553e-16
1.5220552831255412e-19
3.585427741370793e-08
6.583607386349442e-12
2.6152171238852528e-08
1.464603797721611e-13
7.425394615665412e-17
6.476721466440678e-08
4.1722540606011475e-13
5.687533738230727e-09
8.840173448511141e-11
4.472526797898554e-06
8.1124095448573e-10
4.280011446405014e-07
6.989022629476803e-20
6.425915897349709e-09
3.4288526580313858e-15
1.471380589027598e-17
3.784529837701094e-20
7.578087210355304e-08
7.601953990491165e-12
3.4177372904195546e-12
1.7004764439700223e-08
4.307720323837796e-17
1.3885760654182613e-11
1.9397661680653765e-10
4.2364011384429483e-10
1.1293411210133982e-09
7.598653386253565e-15
1.0296326004710679e-12
3.1021948589456166e-09
1.0037737117587015e-08
3.725787383391408e-08
1.8934904276253746e-10
4.868712520402674e-21
1.5321380500518908e-14
1.275818731220445e-06
1.7882841130867797e-12
8.200226273276936e-12
3.163405029808645e-19
2.1022252488265652e-12
3.108961571199847e-09
4.558666126255512e-12
6.220687215365826e-16
4.266359615283288e-13
1.0668046777301223e-05
1.2727646703068164e-11
5.739028501907235e-15
2.6652887967933464e-11
5.691953139692928e-19
4.321662948228324e-21
5.908902063856504e-08
5.6241463662612664e-11
2.4358650402809107e-18
8.636829697623916e-07
1.540473983683027e-14
1.0732951866339157e-18
1.311990827513699e-13
7.426265419061421e-11
1.0822749822816316e-05
1.5808581029533264e-15
4.540580385781138e-10
1.5473309399864284e-14
7.811418615659317e-13
4.2413581429377865e-17
3.81080522450261e-08
1.771742421638577e-10
2.5338640795922666e-12
3.607221684664122e-05
3.467163191521904e-09
1.969006222503474e-15
1.931101387252841e-13
1.1095198083658928e-06
1.3591794991874075e-14
9.585800673381379e-10
5.121230782062472e-13
1.305494457341905e-19
1.317724830204156e-06
1.8823088058230076e-11
1.9183284946790734e-12
1.09892460244985e-18
1.7473487597936007e-07
2.097251692088156e-09
8.536091119743574e-13
2.1555645036241293e-06
7.406112182201547e-12
5.99407316330108e-11
5.150309466748247e-16
9.3368803802193e-16
4.164156243506657e-11
1.2652260251319193e-14
1.3767428851415535e-08
2.5068323200780577e-07
4.016289141268226e-12
7.77228137003855e-12
1.9329327744473943e-11
8.486754183924196e-08
1.0379049467525396e-08
2.2382264791494644e-08
1.693001855423126e-07
3.0773282137578985e-12
6.145890723426989e-13
9.444529423028713e-14
4.0283223315869206e-11
1.0448321049341915e-06
2.341981116894567e-18
1.1641052845527396e-14
3.9028671750437944e-12
1.7403789925767441e-09
2.962961206176334e-12
4.040677449320287e-10
1.0535690647931453e-06
6.653709517635979e-12
3.7009658748272644e-10
2.817124100696014e-15
1.4266024707034196e-07
6.185177571696851e-11
1.0183510304927822e-12
7.582896498467971e-13
7.314260253471428e-14
7.910531669923534e-12
2.0804894607012232e-23
1.992922062822473e-08
4.7969048410309595e-14
2.6967526223791323e-10
1.9751154291048113e-11
1.8706954599391327e-11
6.829273812008927e-11
9.382438752651222e-10
9.432380540385595e-14
3.781631194086668e-11
5.736771634470543e-10
1.2505496051930145e-21
6.232583578321274e-18
1.1237955138539476e-08
1.0270402224145948e-13
3.873604206638256e-19
1.1911596637279268e-13
1.8044171480220945e-17
1.8598844563599034e-18
4.2684933534580825e-10
9.344233549078485e-10
1.926774653716158e-11
5.0367087499237806e-08
6.51010021158254e-08
1.4059997337599884e-08
8.452777165094623e-10
1.978806248455642e-15
6.091904439630146e-10
3.4613130895133114e-06
1.6178548999362801e-06
3.7411912740657963e-13
1.191921394256297e-16
4.631706193744259e-13
4.400175673980321e-09
4.7532618160266856e-08
1.4491760348288649e-07
6.257910030375937e-08
3.861205296032908e-12
4.37225472419566e-15
3.3705627543909568e-15
2.2634349131508913e-13
6.098363276548993e-06
2.2151607711297737e-13
2.501545747581554e-07
5.10723623542538e-13
2.2410950608445974e-10
1.8022808406150252e-10
4.252809289368871e-13
1.1637092767514716e-12
1.314270557308152e-06
4.759740574890527e-17
4.337882210307291e-14
1.6623836393856088e-12
1.472424948141641e-24
2.1018339706470682e-17
8.470624133122613e-07
7.034720401713212e-12
5.185269025526335e-12
1.9365595073217008e-08
2.287402159927296e-09
7.193190340248994e-08
8.466679011631483e-16
1.7675595663358065e-17
6.661154700968743e-11
8.062125770351342e-11
2.4151041771817996e-18
3.4796496589207117e-06
1.5471910578426337e-07
9.391309201713616e-13
1.2461547571424726e-07
7.364370949225822e-07
1.3203153484622119e-08
1.4078564115418543e-10
1.1491706829027774e-15
1.4019649042713143e-11
4.119387647736998e-24
3.045883394377448e-05
1.5335860792363161e-13
2.069479922714256e-08
5.615136129215924e-07
4.741295732552379e-07
1.0956949101570518e-14
1.0385375798382841e-08
7.150145864591912e-10
2.3013285996370025e-07
1.074553402546348e-07
2.6938410308764253e-09
5.619297305508713e-16
8.252602203253606e-21
3.651258796240996e-15
2.0031771173747602e-12
2.277061939759165e-09
1.1645832216479616e-12
8.016143377294282e-12
8.696309067724721e-07
5.900086122393805e-08
2.6947390344863182e-12
5.81738341982853e-09
5.136516195824775e-09
1.286848523500516e-09
6.63687576189249e-12
7.016122186882275e-20
2.0207504626874876e-11
3.6081385672712735e-11
1.3481903642302902e-08
9.966871466992982e-08
1.2052959411323661e-14
7.884292615406719e-11
5.341479925370054e-13
1.1497467883171922e-13
1.3023936667431775e-11
1.6743062538749044e-12
4.494858109693954e-15
7.779063531923562e-07
1.732170264362173e-19
2.296369143222539e-10
6.029387569974265e-21
2.1990356818002543e-20
1.719640607006568e-17
1.1671559474318861e-07
5.6667679339034024e-11
9.96655197782319e-10
1.8064382442567476e-15
8.628215182400705e-14
2.315880850017663e-18
3.0788172165441756e-19
2.7691484386920883e-08
1.2926499911920577e-10
7.2239913724389396e-12
4.78401187504685e-15
1.8771657473994576e-08
2.1696652936133946e-10
1.7662328480235043e-07
1.1280215840032537e-05
2.280679305886731e-11
1.288481098576022e-13
1.28839892014384e-13
7.48308491205241e-11
1.0653926344054597e-10
2.3366587147720523e-10
2.277667806163776e-11
6.558947789732624e-20
3.7660609839732094e-11
2.5762325724903293e-15
1.0158427227057936e-18
8.461138531496167e-16
4.155762200384254e-08
5.885516944652994e-13
8.0340415576085e-09
5.383364457797626e-10
3.5523236599389687e-09
1.0034614064837608e-12
4.1055160381087114e-14
1.1279088235174793e-09
1.198944761217857e-08
3.941612541222851e-12
5.390722629338931e-07
3.543889668143346e-11
5.185083773034654e-09
2.738717377335074e-07
4.478263263573322e-08
5.592039121916368e-13
1.9116908702866963e-14
5.084762483169449e-13
2.4833288823308106e-13
2.754482620882185e-21
6.206141421732947e-11
3.2015895871274298e-06
0.00010983713617174555
9.058186051439912e-12
2.3840598292649e-11
2.5254708310617996e-08
8.390006173979066e-16
7.996915570907503e-11
1.1805902900726204e-18
1.919471227302267e-11
2.3025765601168944e-08
1.3818678825950142e-24
4.651467930571301e-06
3.479514077094794e-13
3.639813098655103e-08
2.245237516731309e-06
2.1948273725201734e-08
1.972743918993421e-07
1.0657265741957545e-07
9.261736628104882e-11
6.008836867870062e-19
1.2831017102854953e-06
3.23406764627796e-16
5.859560881116914e-08
3.6155955390734686e-10
1.953456522343908e-09
8.844466500921512e-13
1.3032523477171805e-12
7.17470461857375e-10
8.552310576300928e-12
9.442502293030448e-11
1.2207748949356562e-09
1.7417581476531963e-13
0.0002447585357099868
8.025818043997515e-09
9.999157306940505e-11
5.891957866142503e-24
2.223538204246188e-06
9.948185138327381e-08
1.9572564339787465e-09
1.224188734045644e-25
2.9933887199602845e-11
1.0614304225319745e-14
1.1073735538159849e-16
0.00017270617982921885
5.61896672169107e-15
1.1056399795024983e-12
2.9717959757827576e-10
2.06658554146968e-08
1.1816113388450232e-11
1.622843187337499e-13
5.035071295294566e-14
3.209607591354572e-13
1.0537363823637909e-11
3.434039680368432e-08
8.797380940769667e-11
1.684327266033675e-08
1.4149751272592805e-13
6.090793634862867e-11
6.410074798293673e-07
1.5381573279330778e-09
3.327376879930471e-10
4.6504838832472964e-10
7.894716222644149e-16
3.9161320953650164e-12
2.654272855920745e-13
4.895544595621918e-13
2.815430666238706e-06
4.832370216733339e-16
2.6893850881746627e-14
6.965377122740172e-15
3.735258526485708e-09
1.4118892432498047e-11
0.00010273169435926845
3.774109221074116e-14
7.861866054780531e-10
2.320381286830708e-23
0.00021318531736089983
8.357831459999798e-09
2.3657819520298137e-07
3.59219618278454e-07
3.379380285190835e-12
6.698192225171185e-12
2.9324215506940877e-17
4.940823787975842e-12
9.394966957752334e-10
3.492902379195589e-14
5.1528777949326575e-09
4.744664135682191e-16
4.831407288242385e-17
1.5530833163294643e-12
2.3420612452822487e-08
1.165939608441052e-08
1.22006234791144e-10
3.9940776933960235e-11
3.4201412232415885e-19
1.15975465888314e-13
2.1571162504744887e-09
5.238223365074765e-11
1.699907263918908e-09
1.835283844087439e-12
2.291971521717442e-19
2.4222068620865655e-13
6.0305593549152336e-06
9.390374190833989e-09
2.123956220203216e-10
7.33107229300112e-18
1.671641139503303e-16
2.4884206578262797e-12
1.6891334984914846e-10
1.8531569957939133e-09
9.818439092517197e-08
1.6756203465425193e-22
1.3978019561120274e-11
2.5317930770843847e-10
3.467201677642126e-10
3.185940758605624e-09
7.427743157691585e-15
1.27763522413654e-13
3.14041316902769e-08
3.7738044096158966e-13
2.483740622661566e-09
2.0940668932448812e-13
3.194607870614084e-06
1.2717597755267592e-20
1.0923201751469965e-15
3.5535272083981025e-15
3.645082926410435e-14
1.5640325061520334e-12
2.963415313978725e-11
1.2564410393666018e-16
7.505668655282692e-17
6.629410695297823e-19
6.238100890455479e-10
2.414307924897969e-21
6.454195080090289e-11
5.989570973371851e-12
6.416347116805201e-09
4.5579036535371585e-17
4.515366871331191e-10
7.479185959659939e-11
4.701436039712006e-05
3.5639171661908154e-14
7.81955183176086e-09
5.258390384058039e-08
6.303692491706984e-06
2.949445692246005e-13
2.118908622051143e-07
1.8418995487622306e-12
1.978526991464308e-08
1.161504654916055e-13
6.818986515404995e-16
8.812524886103981e-11
8.37634486847862e-17
4.112836951131341e-07
1.4210584867493799e-11
2.5727168691176436e-08
1.9760340625539214e-12
2.212907523999284e-14
7.244556154833383e-09
3.6402447051262924e-11
6.0736895559789796e-09
1.5509981985731267e-10
4.7006596983897927e-07
5.872134255267039e-10
2.2617146652720132e-06
3.1845535363243745e-11
