0.46113451453652377
0.02851384147024172
0.32249519324773224
0.011525678503427228
0.20194731838868596
0.10719129685250905
0.052475468036279546
0.025334495433751325
0.5813397476282505
0.47705097242866157
0.017029342900999778
0.4164579040888101
0.5223646842580185
0.5813542105871958
0.40495363134850787
0.14190815982899269
0.5534467309491904
0.8786053746465785
0.08377926512944825
0.45349139647623926
0.10221987950575806
0.679428474599032
0.7092064304273911
0.45990042194364245
0.9483718902060867
0.28155976764176494
0.31686703173156294
0.9053896089279759
0.3627415333594868
0.3632106662590748
0.07297688471933649
0.8274230321320745
0.793503086581178
0.1734923289517074
0.33738780591907247
0.7672125673904884
0.7844522934054943
0.5512462412854406
0.07094371763599594
0.8489515844810813
0.08174008131767097
0.8876000395548014
0.3637180420596167
0.28476733001991805
0.7453291039795115
0.04531777526075051
0.1965413359433903
0.1697949278626767
0.02443603211301082
0.30166026732352025
0.50279231235015
0.4335726404742186
0.17870002197792223
0.021303623300289676
0.8345709554467999
0.9993446576851931
0.18073165889064247
0.03017599814227534
0.0010036220071196755
0.08342477019461625
0.8562042195667396
0.5811753125817463
0.689659624009648
0.6550950817228234
0.8128981656125065
0.864776194010251
0.8711029840401704
0.9519857318009781
0.8095739656639527
0.3902706572299992
0.005675849616238793
0.1707144030317167
0.007379900123232956
0.44523891640816404
0.6289569720814581
0.24268779563903253
0.27139004822677215
0.16323505006559963
0.8540183143294346
0.4709809065159518
0.6031651396932315
0.4075576886421355
0.19816395933225062
0.19104531161105082
0.5336178287971269
0.09071587260229008
0.7637331477364198
0.38331728801554577
0.804733712368018
0.5066234312535529
0.11749867286714388
0.011952566729258476
0.4748078586503961
0.31068552964934726
0.055149597351799695
0.10867239998242434
0.5045292689715044
0.4099408805230449
0.016207117257497794
0.23079803316107195
0.7640322141992706
0.828483826279303
0.763078801055215
0.43470065765559684
0.4643566361957707
0.35082519428350856
0.6070894521190224
0.9304111789746434
0.8663164217259862
0.19860053844670936
0.4392145418285742
0.17061018053708293
0.7120377983739932
0.405280169130811
0.7129134383401975
0.8340559644913481
0.6814644429309382
0.72223559497076
0.3138925794823997
0.7384100367598044
0.9373855322686222
0.1025378860857653
0.1345125820323123
0.7541189366506661
0.0895983803510505
0.5705556319540037
0.20327346370904031
0.9639191794002002
0.46661109736837186
0.3138699075942722
0.3234062774069142
0.10657763679757312
0.7620201310015136
0.8628454970046195
0.008280766273742331
0.2813574920880064
0.9319420574306605
0.15760279747772254
0.9787400272446116
0.7240186425488235
0.03946862469703283
0.2901234729805642
0.9849039393519639
0.9400937348857314
0.2374016002250401
0.4537887563698355
0.28530285229607766
0.5484092184133229
0.0922716322454642
0.7461496627554238
0.9922458724502456
0.8083126024420515
0.34281093682344954
0.7222612072087073
0.13182774037444345
0.534007775435217
0.0051769829471863815
0.7335406037244103
0.7060698927477725
0.3933447469662945
0.09684525809934774
0.03512868516986667
0.18713128521477218
0.05029665589068899
0.4947978232505928
0.18765562134031577
0.2934023509655903
0.15247151950542848
0.8100719214979359
0.26331993610212345
0.0012288593255791458
0.1903662254118215
0.39771304686087694
0.7472526349508817
0.4977776193957073
0.8811736606892606
0.27974672985395355
0.48813866944892137
0.17728850686698427
0.8515921503678792
0.20201608858707448
0.029337273179801393
0.8222874456634082
0.28450040729416154
0.6052184854137161
0.9347594961891269
0.6319437325594003
0.25284932545526373
0.8247532426490077
0.8271176425378717
0.024424128638390608
0.9506719321505874
0.32770830310910065
0.44896207272484423
0.08541916486028711
0.8282835373984649
0.18899600852490583
0.4944534811896517
0.06702702236068081
0.5134894583602838
0.6667634445996033
0.9796729789103129
0.7152822137724941
0.6930040039493114
0.9789885245239414
0.7768122261874667
0.9077839315539566
0.1266005976308926
0.1110203821500475
0.7276730528558651
0.24628342139513548
0.4248416752848947
0.4973014848505165
0.5817780848014227
0.004493119391753009
0.4736457818496005
0.5329971822964454
0.3947671237257295
0.8002265772355388
0.22238217890622125
0.49985787139990234
0.21735584830989219
0.7531717031651932
0.3379906180109642
0.15243706431003856
0.490467708270786
0.45149667846908237
0.5907029565202817
0.9545274310107703
0.3661948613230783
0.4575303846652454
0.917090711485672
0.26094557986066746
0.618279083806123
0.34162558752611605
0.17574871852305662
0.4569746546077298
0.20401323672897775
0.6524403897845084
0.16621851915619595
0.7308513923929679
0.9785042307932531
0.5663516520265197
0.9428672995227076
0.16520442937514446
0.9990324492072156
0.20512393669550877
0.23082522284898277
0.5248039212018363
0.3691897521504396
0.4111136986964097
0.21180369106198693
0.19508377254323972
0.23458687171407247
0.1426168031225601
0.929097591670363
0.06456948727890621
0.16246593989619612
0.015408077985107349
0.029732484190440722
0.13715905194306477
0.8046790362874492
0.8681855822865352
0.10836609754041515
0.22431186192690533
0.9502602178100563
0.6350676794514906
0.5157338144805375
0.6122889938471872
0.68946810188517
0.619442575460714
0.7890934160059189
0.16512584087470608
0.027315310334538045
0.6917217740869124
0.7426761747958981
0.29383160324688906
0.10242816087262314
0.263721647264479
0.1962694118198247
0.056674949619671476
0.9544250092705299
0.125504196961601
0.44820062489718815
0.8623612108682188
0.48511533605620594
0.9688802279646064
0.0640410235129143
0.9180738637049144
0.30456986779089096
0.03891497657839804
0.6917213639789719
0.6390382986434366
0.12271765371543865
0.050887120111898776
0.3516574292515493
0.006593582777179979
0.008940897300254935
0.8417865689523175
0.15202645899978084
0.663916538865422
0.10159470614078074
0.07518061317540337
0.2536866709129595
0.28710357616786153
0.03723023487929833
0.708128116417765
0.2575207162572399
0.7101790285436338
0.5707040524029321
0.33362308176790756
0.30431118108934996
0.33547946535931567
0.746270276462344
0.6567231877527046
0.6606155191854577
0.13492336249627468
0.622062632134337
0.2824816300841093
0.431223008101235
0.20317877170631704
0.5926098000991544
0.25772893219538595
0.5865102663312751
0.9780685689240962
0.04918306121465643
0.5537701580740979
0.03398598491768714
0.11267140887919047
0.7065357464203206
0.02318886973351386
0.05152905915453882
0.05092121017553164
0.7068655469061278
0.3024246908277748
0.31577394614147547
0.25913987450317433
0.4666937398950522
0.5285513572014409
0.3828578419254465
0.941988230091486
0.12434835568486635
0.6045226571235969
0.21045487572781485
0.40657024915671225
0.9266949552186328
0.012013642502463418
0.3965465693473442
0.5409069992077273
0.1893870485949413
0.9984287042006806
0.07395670612340194
0.0023950234856708885
0.7862271158650795
0.7625612911665705
0.9379069976155204
0.13485071827082853
0.2848104956288217
0.11674528934954882
0.5939385730105524
0.2898844682228945
0.9196769985876962
0.12858497658208634
0.6536629765328441
0.37715904418112345
0.27701942175736916
0.28588366227472256
0.10878145307406839
0.5869706138057907
0.8794532801304615
0.4111129063664367
0.6534006672156749
0.7754039751330624
0.07029979258963848
0.7666643397443325
0.32111370397976735
0.13514267710636482
0.558276533562782
0.43070211814201975
0.0758369012975575
0.10966728343006159
0.2960458229902179
0.007654888021378544
0.18781179046392826
0.04617640585598215
0.155346266651764
0.30065955887790585
0.20227315092627896
0.9249204286659791
0.714950961482898
0.974259927558724
0.5720970699188457
0.1962250315895644
0.9557206649535677
0.010916649823960988
0.9636724983569611
0.6072045091257237
0.31851921944020645
0.3253096322257567
0.7781865441444933
0.35097554526233865
0.4438227203686862
0.10179426390605606
0.19115878660472863
0.8970000999660193
0.957211120897915
0.9660203046573047
0.825139564056834
0.61493297458515
0.46488011426571396
0.29476086505753923
0.49542857196126217
0.0162819676675654
0.6472147755736939
0.04054410593636604
0.43332935845553666
0.31811413847154757
0.24889782042640962
0.3173441922145311
0.12319940195699011
0.10128410176155334
0.6612503758542879
0.19084237003337545
0.0035689606007782704
0.17288025625281422
0.6495580418604041
0.5922906914182839
0.24271144066452544
0.014116818732715641
0.7056837566055469
0.2790845836341225
0.845973688185591
0.8457852895228857
0.47003807304472106
0.9155420461700183
0.0011200033927030173
0.30850338417626677
0.9546885578700447
0.9247043935553932
0.3451311258779508
0.5798928117924552
0.6976727731101556
0.29704096297743177
0.6009612981070129
0.3189825206796351
0.42777157294577656
0.5860831182151043
0.3502412117031294
0.2847808165545509
0.7461577224316368
0.062363117782457955
0.4711266947120534
0.4072127271772613
0.7639395907361426
0.8654689732566958
0.7319531081413981
0.7743871819025441
0.8337757435342356
0.6051485947056792
0.3409765083707311
0.8090757628890913
0.26642307288413614
0.05075702126638295
0.6970389511177184
0.01646207449794712
0.8697514766771042
0.7037674083295076
0.42321496042007567
0.2673573337033228
0.06986131382580485
0.06874619786845404
0.3286139309323026
0.04068775059097186
0.0005877284810829053
0.3544145087114521
0.7385171422307053
