0.025574394134225686
0.053753149258751964
0.36993319029949423
0.904878200660632
0.01619318033896209
0.06455514927434457
0.3033350047994974
0.3156605716589771
0.893376330104694
0.4774025596572271
0.05906611354195528
0.9803937447679482
0.5885986803274541
0.3753834123899491
0.4843910174882994
0.8347169396501795
0.6641690369457034
0.23123140047343133
0.3437325725806184
0.5007188452146119
0.5275839995663789
0.7671879188079456
0.2725679478474017
0.3011885962138283
0.3153598099403727
0.042918453028014
0.6253349586268333
0.9353660456276076
0.032739285019433684
0.406719235705289
0.18797438872976424
0.36640897972382436
0.2904024111705239
0.38257205902616853
0.8877968149567426
0.5187292654164131
0.4835444063352548
0.020681406397135615
0.4125481270611674
0.36454202437814553
0.5185094211391106
0.326788150178226
0.744782155966623
0.1725301878939176
0.20793222144725568
0.08498088272309667
0.08659736301052301
0.20478705573574763
0.46520054423592355
0.24539824507869357
0.5899076851124726
0.04180991281865416
0.8013109361490626
0.17097051071071379
0.18245439007969777
0.059413825628135575
0.9466625449278241
0.0710292494667919
0.1799727238546489
0.7924948330863388
0.142908505764191
0.34362719902854666
0.893109971105702
0.03188289795281296
0.39020351061628356
0.7382532101525898
0.9189556497528721
0.28053963965424855
0.8111521710633458
0.3112122390492251
0.5286555323994722
0.22100186467163097
0.9453523929848112
0.9856451180991708
0.4184443233663716
0.5665138309908595
0.9472726089667878
0.1174629733310053
0.45611179715182115
0.43403695789385854
0.6967233360242948
0.9429835952604451
0.41724622624013086
0.8136292815385252
0.2511614562161684
0.007432734994563539
0.9564062172294285
0.14406066805976125
0.744517763836042
0.13731277270602077
0.008714060764506648
0.2636337750449949
0.023648538753197723
0.14798236709768
0.009702567724368583
0.20236623099929107
0.9304746101721938
0.194234680088478
0.8825712257593232
0.9749243756481325
0.5585772170913212
0.7963671810903767
0.12388570418004002
0.7112462253355831
0.2854048844399373
0.8773415222038844
0.766079433198545
0.347171303473345
0.9609749913926444
0.326057140430755
0.9503897109866777
0.3233472499651986
0.7065965984336866
0.4278424556413735
0.36871719050548313
0.16193260105381269
0.9420239834021311
0.6714545024545092
0.8091941517209966
0.5877860764717007
0.027707663938914218
0.6805942783003126
0.6477168332840213
0.5438838885335919
0.8577878190348264
0.007188722053514729
0.5158285841225205
0.2732712819500636
0.054745630043223636
0.40055189896186877
0.4600041789951266
0.7406348016900619
0.9651024956358614
0.9948453225446957
0.48249528278625364
0.3581874926441431
0.5058894374408573
0.7886075000245178
0.20077030019056363
0.5569316242245241
0.5528648747969998
0.38640352056581295
0.7546038239995649
0.01029272853310756
0.2118260187092861
0.23644538769489798
0.048497033777178844
0.7435894361950999
0.6810633679165436
0.49757792571032966
0.3768093747682866
0.2002003892587847
0.8697809246479586
0.8524127062509774
0.7362102857305258
0.5778649736798859
0.03601264233201218
0.7050635184529239
0.8396208018311194
0.002170556978020821
0.5964211403675584
0.7924667268302696
0.033022877238807674
0.5538408854784922
0.3460553354169995
0.12383250744849227
0.9004100082751241
0.07394769783958256
0.5107648452045193
0.25822516504690807
0.9827409364380892
0.07813332753526603
0.9414732599312113
0.588680524710421
0.9327967328095265
0.0979256445481067
0.8770875734210439
0.2847660521152673
0.5615086792235764
0.503199645638016
0.8206771661283321
0.17926336750651004
0.25997338780372414
0.6493309504428932
0.8171451689866205
0.45121869278416504
0.38373126613386455
0.45799166582232886
0.012593384321646658
0.60997343587977
0.7641782585447289
0.7476210717072198
0.7428044885616092
0.13131984948663233
0.08814307468887495
0.7730777552333046
0.5541344761995135
0.4532548179656098
0.08774919934572889
0.9647131910129438
0.8975196721377909
0.857036108467141
0.6365573169171761
0.10272376733538535
0.6570694580320965
0.8251656518186259
0.5493824281790314
0.18041009602274594
0.7194394818770102
0.09544246293801323
0.7795711859289396
0.6870135165385369
0.5088965152729297
0.8828146450514353
0.026030080032327943
0.7724720567196071
0.6905455691665656
0.5361978799218902
0.15773116850263325
0.16257052792551852
0.9619063544961794
0.384348838174696
0.9097603851228959
0.5851149935645539
0.24434741516307446
0.8874753690147525
0.17133736814191658
0.034826206543889134
0.84049986469052
0.11931804046304727
0.8196466449202995
0.4594510133256362
0.21070972521499204
0.8481810144421973
0.5136100305860025
0.28973349742632215
0.8602080845154603
0.11240441694630054
0.6371780481231051
0.007669387814431605
0.5053831286697359
0.5304087817897185
