0.23775427631156587
0.11851886083439167
0.19860879376694285
0.8625786529195829
0.00925779510606728
0.053518080112758604
0.5106423064387771
0.9087203158597915
0.012495773776067857
0.15022317307761313
0.5876712853442633
0.0044118819652505525
0.24095046887567625
0.5247147876810169
0.9671592887941842
0.021639088166230502
0.12687963064001107
0.727747596216757
0.33307016259457356
0.9456338892996474
0.025059914270621375
0.24529717220863212
0.44749994669047566
0.5503474361123671
0.14163675730435285
0.1563836508774996
0.0909019276082883
0.9288105507335637
0.881245470406214
0.0050649009178573845
0.12232613315221896
0.7140732164892674
0.6085022619779994
0.000501664575742744
0.4182237102594766
0.004361422826925754
0.7869712910020032
0.17721788019087104
0.7758326590520619
0.2580721968030988
0.06403284823720834
0.011702240484688264
0.10601796894699786
0.050408038296454016
0.6438791494983216
0.0031271542790294315
0.011346297460874677
0.6589571301940502
0.7043840356037862
0.1480128417599933
0.09953392211759682
0.23543428325153876
0.26091785651090793
0.07890362126007022
0.7210012094356788
0.5508387737971332
0.8814079465957712
0.4174019614986926
0.7446266702750348
0.10047157164249852
0.11290098513240521
0.0706976185827426
0.21399953085937695
0.6574993479201152
0.1359450017252144
0.01767571851819505
0.5744377908541094
0.11632897036604306
0.21680677328559073
0.3838022245331767
0.030105123379014387
0.5793465521086439
0.5316478092153456
0.7303157158504583
0.06666423835988411
0.31509018790110677
0.6756235985012977
0.3854557942416028
0.8551624192155058
0.08818085374622808
0.43031618116449977
0.9543371939558187
0.3929973967509788
0.18213320889693474
0.7801808537941819
0.037730953284578206
0.797411952747182
0.10253868606409822
0.25940195052385395
0.5260092881466858
0.9799311246243806
0.18614380692089494
0.3650619113614939
0.63222697802541
0.32289551696361274
0.29557354415911036
0.714743702201011
0.007094577151631309
0.22080898085921663
0.4605215854109348
0.012549544073168661
0.020944745878517912
0.21543069798911163
0.517088699022057
0.2276642223215115
0.03099728329400686
0.4655071305747669
0.12148568891731655
0.33215056763972295
0.7785134555916878
0.2607140968654016
0.36168007443969863
0.004026935292710254
0.34631564825652916
0.5511119727479908
0.21896585147175363
0.1436287377464267
0.25813549435175
0.25590390761426396
0.26845166101530893
0.34716986924377574
0.7314575841765658
0.8369228591375414
0.00026840900813196455
0.07620954485907117
0.0655060939251022
0.09829106643728225
0.7250470750465964
0.16357903711958532
0.19985626586724403
0.31725041733549886
0.8481209381016945
0.9136132454320263
0.4524946182635481
0.4992102439433632
0.035719273413299835
0.6267540936398108
0.30177518359876987
0.3741442126678212
0.8054596888471919
0.46871417158235773
0.4145713301274594
0.7885304533383264
0.9746614869556622
0.026662503696837092
0.6018552065796521
0.7827523277140243
0.00564548800356679
0.026797905611249062
0.7652683848696449
0.32067522208011856
0.5105111395405215
0.4092721504634249
0.1705024647096831
0.36236134137190024
0.2954893368388274
0.04703473858828233
0.15742306415824836
0.31763952822425423
0.449601993012975
0.23706297235780172
0.08839482248228148
0.7670619356348285
0.6798327577259486
0.5742406446503359
0.056716992464566296
0.07774934857261928
0.03395551337571624
0.6893294507246831
0.6675920213206545
0.8993762595508829
0.11382204396940795
5.983632056349997e-05
0.5921333530635902
0.6441126933973715
0.004768027319911772
0.5466754854044755
0.4020225855654799
2.2408351396663306e-08
0.2622611199703697
0.607714199185364
0.7517503317332694
0.01725348889166689
0.012670231002451817
0.005627483082855929
0.63673601307965
0.14135218227470348
0.14152184420732428
0.11876431876043747
0.0037137351101592664
0.20760696281674118
0.01908264828075268
0.34662622556853107
0.001844137945581803
0.050203842160497114
0.3713150765900412
0.13585332010064777
0.2419671790780913
0.03551073153586426
0.2370290486356308
0.2861717727468862
0.9145783450485834
0.018526091839908165
0.7459833443233292
0.018768920143939383
0.6685671208672581
0.6329226895756583
0.15090856029650213
0.4102232075458554
0.9518417429804416
0.019144661816834274
0.0026739984037431608
0.1331106215559552
0.036338970051031705
0.9879623417686687
0.19284057097460505
0.6902521733327631
0.024346109657946702
0.050184381814713186
0.08713485542390509
0.8051332972273166
0.3780436649980327
0.004559138070665103
0.2847293668062359
0.00665781828214206
0.18156363185167002
0.8064612960317654
0.12386061901562395
0.0438779021050999
0.4709378273301146
0.04530364280365573
0.45227553105206697
0.483733913999554
0.10600002879585269
0.9864171064481707
0.005705007696463094
0.0029784016518992207
0.4771781399862154
0.40361779642661566
0.9845863670086628
0.9276956307516929
0.034938064310795484
0.014045772650707056
0.5988874879402266
0.41919344651262946
0.7227137809913503
0.2486653756170607
0.2795852666606007
0.0013185606312879905
0.1741648639682258
0.5508916967121653
0.9102599689411408
0.9776518103845536
0.28075650188163426
0.46749823975529303
0.9762944534973701
0.18418288499714985
0.7924514105954156
0.9972349859038115
0.639661769582591
0.21176756350303752
0.2529420053013625
0.345509278216874
0.006508105848890722
0.038961104701740634
0.6376142837592285
0.905163770707768
0.7426588803162224
0.0015556805860630352
0.8509874449412481
0.2579125317456213
0.6611038734495553
0.8281289467587746
0.5744437238828806
0.041154602296556986
0.7051724478007216
0.8803876175775576
0.6629548799617151
0.6689017103802064
0.42254751516725153
0.9029444066115891
0.025234299314825126
0.49863213740819745
0.16746199787218186
0.16616506561165867
0.8795085020255577
0.5451404124662322
0.09746749377532038
0.8392681003580864
0.5269716293310963
0.10765424519514699
0.7423048679369462
0.01552215747777419
0.05937742653171907
0.24070505115757168
0.032394367403260294
0.0891383142090254
0.3792789996712387
0.2891924912439497
0.15786962911721258
0.027264878063059106
0.7641534163065952
0.2115628448097578
0.03702871581368927
0.21802146545776724
0.5226569005015398
0.19607878764188547
0.059519829073208186
0.7874189715360684
0.008730683199050127
0.3635204117379285
0.8327874980430179
0.20148923905273985
0.7657242419144387
0.979356208673428
0.27789948285906396
0.06481464631756784
0.07425007360926172
0.2139562089439322
0.9318147092515392
0.0009425921428087847
0.19964804154585636
0.2321251945935192
0.32912355496690804
0.9104939359705007
0.5618614712025058
0.18444207810655766
0.5117714967374245
0.5194648605107702
0.3447938117627125
0.3239752104824001
0.90077055575707
0.765046022276834
0.8366378129504854
0.9638928470875372
0.2302200675220798
0.5219555210284204
0.4035416215413894
0.025006783112180297
0.43257850211006077
0.21585844375817234
0.26036939391885205
0.004967085109524705
0.39421961257883686
0.8095092814912705
0.247917191411682
0.39031190721793046
0.08088233973272274
0.01265648927632479
0.47808830366434685
0.2130769325508519
0.6885861157493094
0.8802190694137503
0.1406247286633917
0.011744562256516211
0.4843194997301895
0.8189705758403526
0.850146610924368
0.3297525609284654
0.08496834138084175
0.9590125510003773
0.4425284531790301
0.3319025678883716
0.2904542881676142
0.561418125744003
0.360066758046912
0.07099420205705353
0.012164071428964363
0.5659452184843232
0.1283490841970376
0.7363016068209196
0.3658249779990078
0.7471890819360725
0.3525897142864176
0.2299177024396113
0.8698417269990051
0.3343949805301869
0.8600070318377513
0.6474048110820616
0.8404692635272983
0.1214035366016879
0.5239553915824371
0.44443122860925244
0.1932695681853034
0.9573938863153448
0.8763659600469274
0.2569208256408589
0.1805741770540712
0.05978694609646662
0.1394415232862877
0.46417730687295133
0.8965955942677619
0.004415817960609081
0.1045085515913955
0.0883473246730393
0.1470101305924234
0.5368755946003292
0.3169978503663744
0.1183707485650658
0.8937148391011571
0.3176032517861145
0.6812795124694213
0.14098753956365984
0.2764049724900388
0.07923143857369697
0.6980632719892458
0.029398319027716724
0.8042864325368091
0.32868450985390596
0.05765855360679086
0.12624830033358592
0.0010889668521461005
0.018592276075114267
0.15170927273842497
0.22686271917747014
0.22534912752602843
0.008056500089880283
0.5783299034264906
0.2969812362394977
0.5422622837591702
0.056085162849394576
0.09663313972525844
0.10522747878969807
0.00015301741967865823
0.8972075397708518
0.022782635873552337
0.723274675671203
0.012322668339107778
0.7332012045209424
0.3246894914289602
0.11510766497724756
0.6118801912929903
0.5980978170259196
0.6913791246430938
0.027953974331084597
0.3767162619586876
0.04220176192640235
0.27217614252797473
0.7765453994912555
0.05998982590028823
0.6425169022395703
0.29356142192259016
0.11160018331275134
0.13324815472115747
0.787393900046494
0.920012009291852
0.24712579334265916
0.02788587567183476
0.3297666820663421
0.049982855751203425
0.02799929697769432
0.9663478020108428
0.3163195546375086
0.041117594386839595
0.0825074837503541
0.22505409444241797
0.043153808717320885
0.6471561510260273
0.6585789786274553
0.4000681645284052
0.9962426246716679
0.14609656540361105
0.9592221138476913
0.2983683904229307
0.2743904722476187
0.915865357465707
0.453719400540753
0.7660598964926191
0.20516288605219923
0.33462511275974266
0.16492447982594838
0.6360505283204605
0.7990026477052526
0.43002484887368053
0.8599618831678753
0.9229446958662455
0.08803661739839597
0.2296782242532136
0.2583062641170071
0.6354161280338861
0.7155794368757509
0.9848081957449102
0.5633395983924785
0.9083325657480075
0.8821706988274611
0.4555811387957127
0.1402093224713361
0.44943752698741646
0.22254331638959973
0.29678195299164134
0.00393543633457738
0.3666242825480533
0.4878478524083867
0.7216736505905373
0.09362192606941111
