0.018209119747069513
0.8123528551321781
0.8899734428107113
0.6057128452795364
0.8424156363294264
0.6900799493253026
0.37138075849379604
0.3400456729777268
0.36473321723299035
0.964653165666461
0.3404166452566147
0.8262836634929824
0.35760591530755614
0.3814294639572724
0.5697256443593852
0.5596045144850897
0.7345356195412641
0.6360758887625131
0.9670887981216696
0.9395114551626896
0.9966412564458447
0.31854717587132014
0.8819558966340272
0.8827125000808419
0.8341428913058231
0.17588833323451936
0.2070915205369333
0.6564377990589688
0.45749938191301376
0.12206685321716622
0.6478711521261806
0.04633297228768485
0.8413760600333248
0.22322959562431022
0.3640191359418621
0.05977389682395915
0.34083262462900527
0.05122243943962406
0.6975318104835969
0.42390566836151766
0.7032430161645031
0.9465710975184816
0.33616210930527535
0.3549791512579444
0.3302958482964202
0.6685092477367947
0.5449483881916053
0.12527404753919713
0.2481246641983983
0.6906262426608453
0.08069637316624294
0.12590224768411998
0.3934226395655315
0.03273412667464674
0.04923994984605651
0.9353616133597327
0.10234643878776528
0.7316738702331531
0.5768598086133825
0.22879807054540646
0.8199873746684243
0.9958220202025172
0.5207252992204419
0.03326589810762967
0.7969830672719962
0.21267328597522805
0.17070654227560933
0.16830167753174735
0.9080794981321239
0.01023836976667239
0.6917001322833216
0.7212065400360363
0.9043225633765484
0.15986996188690505
0.39994110783330594
0.616680074229306
0.2704509468504801
0.8585702722715278
0.9077957546929755
0.44569093707571583
0.9435683641409116
0.786372437787381
0.3518254955314837
0.1875223369318233
0.6497908977987014
0.4306042716289675
0.9395411536300043
0.10305969174489737
0.9794018020690933
0.34591486376273967
0.6302817816054478
0.4520463308256166
0.1309100967394501
0.40564443081860796
0.19077043748360573
0.02790398369001196
0.9716289370061055
0.622877879101893
0.9652767833054682
0.58545445108358
0.24673943629966755
0.7707236878522279
0.16348428634503454
0.9317248480052999
0.9098738482519895
0.11328145145017952
0.6834529030623531
0.6679827752697456
0.3352582466815728
0.9381823465863035
0.4984156960066022
0.5906436455419897
0.9347497560712518
0.9979235446198416
0.8975399997714117
0.9933821983552678
0.23641885481012187
0.5145673332591499
0.5635601266156871
0.6151667088583309
0.11739764506599716
0.9015884023493856
0.7369876832593154
0.5226666949769239
0.49910167243626957
0.6762070099220956
0.9046718493099396
0.40965568274583913
0.28745094179286423
0.027549640978558276
0.8722528106287459
0.6162568700401863
0.863640125970585
0.9970496207681236
0.18303679869568557
0.403699783756503
0.23902907944681373
0.5306717522501723
0.9033705910213401
0.6785592205337958
0.3880952681048637
0.5327440049684191
0.880047492406214
0.044058665786630126
0.682802230805242
0.1587352851485868
0.6510050239989789
0.4584783673498256
0.540022889444511
0.19294684899924053
0.5848040085977553
0.5153636937616332
0.22856069138285418
0.700749384128887
0.5939898398069577
0.9563368009369333
0.8348615874497964
0.5814740137784378
0.39669314443914966
0.018181323145494588
0.3284990757005892
0.5497107191662776
0.3153199381694312
0.5139340187541436
0.9024268121646108
0.4803851254661009
0.33327030208481956
0.07911639742079786
0.7363536199651592
0.7379355378087836
0.3921506362792804
0.419389422863159
0.25711579747734237
0.06033800076487683
0.9375714962701083
0.6845616680624513
0.41988915252797376
0.12734837641059382
0.7598747320221276
0.821463600168467
0.04566758433528436
0.7058269863290482
0.9029140307200745
0.4860762689057374
0.10092190148727027
0.6456244581317088
0.7448148377364228
0.31844522379698237
0.5501693307808381
0.9273311526241681
0.1792004402640457
0.5240365065531598
0.8603847139682017
0.8378612161537202
0.7143561224225744
0.7605276546218722
0.647597066235496
0.47892648498805757
0.2749620486208142
0.3685714923777814
0.050533494133954755
0.6337460180933006
0.06611994971843752
0.41954558597241687
0.24075551819872443
0.91090353633001
0.12446187904919315
0.03496344811976288
0.14989021999121455
0.12994988475963462
0.6245738990447147
0.6213305084093683
0.5991827678741518
0.23911453104717523
0.03616169869877641
0.26251650889551303
0.8585450929981944
0.9948266278990211
0.21996971183156488
0.37950924015399895
0.5691666721697418
0.9879514491292782
0.8884177323507125
0.48648303492240186
0.6864774901247839
0.7594618518229728
0.15218732765956
0.8721457788548954
0.4519575350002556
0.5174844912937558
0.42069621290175535
0.9961351968277741
0.8014514339100132
0.45150662657862806
0.1635533515639338
0.12403748846700813
0.5049934730804264
0.8497797958312856
0.4290189730958711
0.7182266901011802
0.5761552936478176
0.0018299331963211873
