0.2674327622977897
0.5940838974711269
0.42973270225405497
0.9609772266017147
0.19559889325001056
0.09998720263971062
0.3334866978201654
0.775887027647028
0.24842476393033364
0.2734577259135269
0.4260555049184487
0.17625169030868082
0.20839489083141793
0.17937478730898132
0.36122313712917453
0.24347759846349426
0.5922616687640005
0.31523416709582164
0.18674793276874868
0.4294441884105198
0.6292048500400067
0.9815093509820709
0.7615837218688273
0.5600209152555585
0.06684665182546357
0.7155214243932273
0.05046050761695797
0.333178290609567
0.8575462839919392
0.04382062113891849
0.4248298046757411
0.10744584732248197
0.5479887136128843
0.05654713675280762
0.758838329608601
0.2942976861699645
0.37749879332571123
0.180870675557816
0.08490936312910012
0.5230724040692056
0.5355369482601533
0.8480609554965397
0.5630367492104607
0.14046187438145008
0.3617054320590769
0.7348235486929791
0.5245898046413332
0.5370713918443721
0.508510923665153
0.6430956965902921
0.7908962458248654
0.5464936411913492
0.9148258879539495
0.5592909608940303
0.7399772038085086
0.21298969400982815
0.19505416995957137
0.6449131165136479
0.3186357511947697
0.8188431320007861
0.494914049594934
0.022378633484088972
0.868705088818929
0.5496051450579116
0.7925631454630783
0.03424992364441781
0.5401796097989382
0.1407303771564965
0.044413099932754996
0.9508146738059771
0.647178541848248
0.2929769979569878
0.10401330995620794
0.538767815932845
0.35638064254533175
0.9209729436902301
0.6809714244599274
0.6242023024438011
0.041164131095057906
0.8572540227929206
0.38644203596384896
0.773466784899344
0.2333909319873292
0.24506890011668056
0.9432893785735366
0.7434234485182338
0.28488975688007107
0.9447842541780858
0.6038653756476577
0.24088189675883886
0.9944990132556105
0.7954643325473787
0.19348609760339008
0.37393335390358784
0.0025188925368684334
0.5923978791882452
0.33332649579917045
0.6235438034861818
0.49256698876823257
0.07260448552938925
0.5494772768950063
0.5392816105146389
0.03681863175695941
0.08318871250700549
0.38928621298139365
0.49266345389314936
0.37321129320207524
0.7301696678100358
0.02384048888267946
0.35638357599237563
0.47336507405695283
0.1511575891474939
0.9711678188054531
0.725399971917397
0.09656566797527466
0.7001696637446386
0.7313006653290526
0.7218406225454774
0.6786575152480963
0.9614164134692871
0.014093979417573177
0.4321432432306286
0.3152633733154549
0.2502501428764991
0.044883335814639214
0.050374429517770825
0.17790519520421322
0.9048184537283775
0.5893842060332435
0.04559389023104865
0.49374514296458455
0.10955790936574727
0.9144740656109638
0.3734692024433841
0.04274948264955157
0.2432304488755601
0.6210149180085442
0.8946514547625466
0.881112273072691
0.7709161629700474
0.8105920643519591
0.9044114742080801
0.570734043933284
0.8781897894668358
0.1274838927925004
0.8758176965614342
0.4577085689800229
0.22050305459838127
0.15970169885881347
0.09553848044697388
0.8335663172139958
0.4744174637334167
0.8184845864864181
0.6715892001863304
0.9804098688279665
0.3751478992273087
0.42879165996277036
0.8216365499165703
0.5137078666242021
0.21201441796905326
0.1005133692084962
0.583068582798546
0.15142085065978605
0.8159760129341269
0.47185866640453034
0.3700481034922369
0.4886908433273185
0.0032342013223056743
0.47873191428872097
0.23314899345822515
0.8010531800897728
0.8960413285896268
0.26659985211404114
0.15261898738808033
0.43959983956221305
0.17557513048727702
0.9506644754960055
0.1938137262834589
0.1875313782095253
0.6935198530986523
0.3689017126622389
0.2242306833292418
0.9877084727871573
0.9051757019546455
0.8469050577098094
0.09467632623120759
0.34179644766634665
0.26475266259052566
0.15697020337995693
0.4534265969225193
0.5756062323625732
0.7533923812193049
0.7294338943722518
0.8999825040014673
0.09343544684558377
0.05472711239108357
0.9392510200358806
0.41926612447146927
0.18258468854398568
0.24395034311245656
0.3631014326653983
0.7681683036994422
0.10023808590708194
0.3317207761783179
0.10200395995795467
0.8518034261116425
0.8487263573403817
0.020516484717749695
0.3486393778459052
0.12990401790279704
0.37961344398219854
0.29522879779760247
0.46574808309895094
0.44573681257964903
0.3173325074533866
0.11764891954277287
0.394350274643384
0.519597946404251
0.9119903610444282
0.4819962834830011
0.4944063663866467
0.022420067776228892
0.22503650648272489
0.7075063523200953
0.32542021567491664
0.4595562462402867
0.63754837133545
0.18844862621099856
0.3746660393942205
0.889247672513942
0.9052206356228865
0.6680748769223303
0.7239219983177176
0.7938323769247506
