0.17978953155565236
0.4200827390071229
0.6884807370765087
0.3813957143308251
0.40124409589405513
0.03890201087505463
0.33694712085445433
0.4926956704859461
0.3007320119878514
0.11324030878027402
0.6235533134596751
0.39444070181662266
0.38673601528665924
0.16104700656891488
0.7090445724311779
0.41096145672286144
0.12686112104228778
0.6722736219159908
0.9230540945439372
0.7565185164757695
0.26979471641611313
0.4661682548553457
0.6381614077526522
0.5707844237847212
0.8380748839965202
0.9238941922631905
0.9718890743863619
0.6147601787616401
0.5604876195249326
0.6209189834698997
0.27630845985456465
0.9116686260290656
0.6965404374553501
0.5468457816256658
0.49492215824733155
0.483798553683809
0.5184546749947859
0.1742880628125445
0.03418946163328074
0.604440990725744
0.5088746506239903
0.5879226106713665
0.8133872066357907
0.015919778885036897
0.1825915780315288
0.7452045584629443
0.45005972539629213
0.6769271053630745
0.04895683505784414
0.30896204142385275
0.8016225254190992
0.3882431510481363
0.6423121463816268
0.7391166295376274
0.15511095787865892
0.6485725397592124
0.2512599730339315
0.9157246477221551
0.6503168088670128
0.2335315591854154
0.8011559255605099
0.5624188454156425
0.08444659078434623
0.07685917820117605
0.8190716782886283
0.12187961910062528
0.6133748347774846
0.44701545777926194
0.32064858555550413
0.1602347051114854
0.3383278055881882
0.952312078412946
0.46817792338341574
0.40908622360912056
0.1323487491588402
0.08322999737285385
0.18486613256635542
0.46498082629934334
0.8400774943567786
0.777812263522472
0.276765128310718
0.5276579112914097
0.7772644999515882
0.4224961475723231
0.5821286922737974
0.7171678705263143
0.14325282489373603
0.2979902256764833
0.7466508879271594
0.030721958917822596
0.22573404511290587
0.19300371143992845
0.44855733261888187
0.33805887627506276
0.8300549838544282
0.6546973834497101
0.026937162106973136
0.2915104545689655
0.4052595531726258
0.6825798213893455
0.22529972093740538
0.9394109355418377
0.043796112173410465
0.19284337719245892
0.26086794245757994
0.09206645895398036
0.4929066315349153
0.3323070210389343
0.6109810629094611
0.9697592360429981
0.5896689837461644
0.3067163037442823
0.40687452705853766
0.5530563925331626
0.8182535046277101
0.9999204445707209
0.4698857542501529
0.6487158868347345
0.8939381027462697
0.4759447738199086
0.10672095899687584
0.2951247386463937
0.04336683911760941
0.5417796919873974
0.4538642285777428
0.018914144440836722
0.22292809210939746
0.10448732169301625
0.5526280216236964
0.50869972516419
0.6988048342336435
0.13381220342383182
0.26157084386283413
0.526088206238267
0.4055497762146361
0.31257108893096763
0.15724006189344708
0.13359225489496152
0.925703473180421
0.05851334707306649
0.3819489762700794
0.855176099643264
0.1928569966121844
0.7370450686058261
0.33245335045040914
0.40833678030077564
0.19527669901194034
0.4164208253484565
0.8708520887667144
0.8638119674492031
0.6638725385466887
0.637597048457158
0.45800461784644153
0.6878997708898654
0.4827988694483989
0.6771174664940014
0.5566168472122031
0.21561201463076143
0.5899320554795655
0.37838006767187427
0.5622994945167191
0.23265290641403236
0.3433227750613456
0.28863001096848356
0.9490958712056994
0.701894623268323
0.6297341568022718
0.9144947286509362
0.21414252720292765
0.34935174305783323
0.48810143877851053
0.8288930176726128
0.7740728066291798
0.6321857153419914
0.6941681203721655
0.04322949507843599
0.2620197882895461
0.9874754063848732
0.38517962389227206
0.06793231221257545
0.09259736990232348
0.4040128861350416
0.8329269132856417
0.2636628561645578
0.5255695566443155
0.7207235396367067
0.6155665202143743
0.6711224094736694
0.7696703768768837
0.6637677718738333
0.063528592394692
0.92693207943532
0.3089068575306546
0.193869894448131
0.7789509509792383
0.18495202062930366
0.2113985701014177
0.6066844316938912
0.3013747033469847
0.2774637155753754
0.6503814532615468
0.779127506255738
0.09674002205281762
0.27551900245765804
0.7487431002734304
0.35047416926221847
0.1959713072606819
0.4795415502267672
0.9865918063507902
0.518150091191913
0.04048565633625594
0.27065454103512687
0.278834195618935
0.06301003417252132
0.4004947640155051
0.896307524269214
0.09822124274608379
0.9951476129991187
0.9104956340310791
0.3123522369231285
0.6574841488566265
0.22170164621753208
0.02317264998327473
0.421128285967751
0.7992985793408396
0.504411439663969
0.9246821716770754
0.9351075797193905
0.5694223916659442
0.46980218847632405
0.2525070221594718
0.17585372184787906
0.9670336182337926
0.7451142126101198
0.5013585641915578
0.8647685468134665
0.5035316428237562
0.8709153614349683
0.6066302560265631
0.7338450424113816
0.18705236948466775
0.364947759059576
0.6056205390526539
0.5877185793013344
0.15761823026164126
0.9298608503939874
0.1354316998625098
0.47460960810342234
0.8215824289573691
0.7644718391490563
0.12828753626896305
0.5570087167858708
0.7557705307792164
0.6086272226078666
0.4812441825958984
0.2614867466093951
0.14771966354633514
0.8643732672686608
0.8934885876601119
0.7697921690346642
0.3533865349154286
0.4975240488172092
0.18828908057680613
0.37018318159138963
0.2471935538981655
0.8457158738635573
0.6853920351411268
0.9196485955950935
0.4330424037318909
0.9371671522195049
0.402537349529297
0.20852984373667027
0.16926888086876657
0.7340246361314458
0.9419839805215966
0.3541317273057307
0.13179732113218454
0.6789508340814774
0.4418540153638202
0.3848469614613652
0.47921831137596
0.8693439599551605
0.2677990819831591
0.7860448536167051
0.577943128618708
0.4161120861831336
0.09542983642387723
0.8609506977890505
0.12158271810744914
0.5136699641458851
0.1394596603912461
0.07715342684782142
0.4539072114582525
0.9268478367588957
0.6510023669492288
0.08731938617677248
0.21845534181001458
0.7166549351912879
0.5920232774146468
0.46307205529251877
0.14649328532168937
0.1617440200322795
0.7597164680720079
0.7479211265503025
0.598629024223575
0.5302018040558705
0.6350270230926455
0.7299028927131048
0.8271568766539886
0.4070585032387721
0.41435480390293905
0.8357419253722131
0.8247163968954766
0.9516881242647026
0.11744456547616984
0.41652209375327953
0.23777581431330685
0.8125960864361383
0.9949853098551239
0.9997220785366034
0.0508328974766713
0.05023117888636138
0.9894986236280563
0.7311887380401936
0.23107460376760547
0.4657886923551922
0.3507768772291242
0.14364315670590655
0.39658185347794134
0.5938076846762217
0.028687255504977305
0.770647998325922
0.5252681978755434
0.11606316858690424
0.8326737367217408
0.8668965586627546
0.8444180082471983
0.5988108182602405
0.5018157461536847
0.9221671692217259
0.12346189263208421
0.9232079655184132
0.700478261129626
0.1922675541306167
0.24093547121543024
0.3643161417630906
0.31367406370249046
0.7880093513562743
0.8923562623008408
0.27314982356837725
0.4734843949504731
0.21961300082687457
0.3767379830025146
0.708821274869772
0.8616909392167196
0.2082795944032092
0.26572676167176223
0.5590309896213381
0.08138886333575662
0.10252758660042854
0.6867498387991282
0.6133392374682768
0.839269163685019
0.38956627993670995
0.6609501801882924
0.23367685156493223
0.5160008451551621
0.15248510304137716
0.579561929588085
0.6126448690399657
0.4812196778711398
0.22825580028552434
0.8881113839125583
0.5277764740682267
0.3256210071274517
0.7500933168210441
0.4645241459887466
0.8362747275416778
0.3851002885303707
0.7462552117160202
0.9792016260735497
0.38563774603106693
0.5614257659329832
0.639880354588124
0.5889743512738748
0.9330739759804259
0.5766445127498282
0.29392385770540685
0.843733410289953
0.5013427756233018
0.036964476911889976
0.40930609000312224
0.17116294017942435
0.257317913568363
0.24598205598480047
0.2608733362388341
0.18879308296033773
0.05994824702779478
0.36502516421524583
0.5600411329824486
0.4814485335676693
0.8336265322566667
0.8864160215622984
0.675792636709267
0.04661397392255484
0.427546702579777
0.39235535295243484
0.526569098428852
0.5593189110955405
0.7357640668237573
0.9152165450952603
0.37889495623750385
0.3989240092280544
0.9004209704791812
0.3651308267827704
0.5695284225091506
0.6277739038736543
0.545259802191407
0.20118503758665085
0.11856956730729253
0.5994642399329766
0.6107581615715159
0.42484753264350195
0.32251295300914706
0.046580606044113404
0.46103371724522946
0.81019962330965
0.00224355371374218
0.9515814512424567
0.922453286143135
0.6297504064018435
0.8365066624443898
0.7030721660851931
0.14755779977482786
0.22242497853511534
0.5311990573074657
0.9803204619306243
0.2944394951558451
0.8219766762244154
0.09558750819433226
0.5929348141962749
0.38496559067196723
0.07738912117724252
0.8458127978015189
0.8712881462957706
0.41193652941894476
0.20390700461027533
0.20651600576290519
0.0839061129737466
0.2934072172969764
0.5665192789200446
0.8248704766114463
0.3782589748396963
0.7696125717978141
0.8023366034409649
0.2675962117267122
0.7176512320098007
0.04535033910432987
0.5672947007008676
0.8661228002257289
0.07085152122899262
0.5141936043443399
0.09685892266416712
0.4429555284187492
0.3940974449112426
0.20896065407219755
0.5185857863778686
0.02365708793170862
0.3875476556884432
0.6053178774001524
0.04673858361019294
0.39982558975098115
0.21518039862143204
0.19865982798476867
0.47559134704990247
0.4155911822517224
0.37979829184923175
0.6830961599273822
0.11288742784435835
0.3377721491828207
0.36307947113616984
0.36397385363386037
0.2683318762727187
0.7866274451760781
0.18643772259136246
0.44281466709981765
0.2082243567159121
0.061454846565984766
0.6332133679614842
0.28847264417901486
0.7398027088437854
0.13357045586506233
0.21781700095280843
0.8106897213999201
0.7696627541928138
0.23063803068646527
0.5981006364145123
