0.6670466455697897
0.09453331657960717
0.512839210291812
0.058746267137662664
0.5529989928548712
0.2719337202716647
0.4719707801051676
0.3521104988231869
0.5314319229098985
0.8151176710351606
0.7721890078416951
0.5285775953197391
0.10973805180493157
0.541389838400169
0.42279268083603205
0.38997809493341345
0.7097691128221915
0.511603640184238
0.26341939013621785
0.38900584170595814
0.5748530153930612
0.6559248721622861
0.1358086114624284
0.809877029834442
0.20413326408607638
0.4832029835287867
0.9467677938778507
0.7952058138868859
0.07204160132012016
0.7506313073259681
0.5220119090553716
0.7552054607953487
0.7541907756078169
0.6493039899229438
0.6175014114586965
0.5272401725629634
0.26524848911315324
0.9137782178659462
0.5619671554349956
0.9981836741571632
0.31612753220084466
0.04226165541567107
0.9356645399063206
0.5114953758933842
0.4197285412564118
0.48758452262203233
0.19525596596674744
0.9632355672600836
0.39555022155544395
0.7368014104800511
0.6549641601994152
0.5908033672959028
0.3059248308688989
0.7675030627010551
0.03446472483305214
0.29805710281309744
0.9897547251830954
0.5974883833668283
0.31732166208675894
0.6092715390612296
0.6191850439325086
0.2620635485758638
0.4451972243515112
0.46089164857696585
0.20259902777542546
0.1758467196939857
0.17038130180630576
0.5331687036234805
0.9881052597570219
0.3152090290626912
0.6211651467138144
0.505759972610526
0.48439348118601394
0.6532207359298108
0.20081762927892366
0.6171986894872306
0.573104224288846
0.2176836883210762
0.09420141527559744
0.3963328518324865
0.188199627439412
0.7745836501015303
0.7246992899928313
0.790010708654711
0.7556862728421059
0.10623965683872516
0.13797109970793278
0.30689240357833747
0.31653106998891095
0.7149849227403162
0.6735261963829364
0.3181601713210893
0.08892340937584442
0.10820719813975509
0.6178624221315621
0.28642451216271914
0.2350901206876026
0.12475475852205253
0.997117524436075
0.22430898806185007
0.220471760334068
0.15662618497870717
0.9147914076092265
0.8580888280190788
0.6524647374500722
0.9027924816656152
0.5207245315280851
0.10855880573151876
0.3049987585204638
0.5127744698958614
0.8032302042848005
0.9324528554391194
0.7966871582973369
0.9082158832394969
0.7797052081697445
0.44168918180469463
0.06838891632652282
0.38112676137128365
0.6786575152480963
0.20165350633192552
0.7827098768613289
0.7769378633754875
0.9467801082209779
0.8673379953123823
0.4409397092427331
0.6455173225549966
0.7900077556689366
0.4401489893338848
0.6807069201427418
0.8778291517429855
0.9908289766092475
0.4056111251221379
0.38862300094502333
0.9828420864871263
0.1945020037909655
0.7418362330434867
0.4782355322513836
0.9577918116903904
0.6698486294195918
0.13166307095731464
0.5072442949478535
0.7506989009893554
0.9272594649762658
0.8683067506157793
0.39783636594181093
0.8742626805468099
0.8128884209812623
0.12549292613292762
0.0605638407139545
0.1307074368766865
0.07590750424762033
0.3208094723352368
0.753828568226927
0.11643289322293349
0.269461994736496
0.1246247477853486
0.4162483671159727
0.5427899788483004
0.31640391769966025
0.04876018350552178
0.6270219095921785
0.7375065686631311
0.02477165827980743
0.4367647152458867
0.29126841939620635
0.7435510333473311
0.31801687443027665
0.659111245518018
0.251668316682907
0.7846442568389641
0.17988730357976088
0.03290021433170298
0.9752971184868809
0.2028160007509665
0.7804454423931704
0.3686825175997621
0.1894103629334818
0.8775768698340936
0.48725730629039
0.036143661039420044
0.8024398884629138
0.26674356455576764
0.44388029370489224
0.8507498592696976
0.26256597124726055
0.36591522180699476
0.6762787680279263
0.3827115991659026
0.9058545228934108
0.9991609345476729
0.48091879112281744
0.709589847336497
0.2904390007746258
0.3797736772426815
0.45667419902329986
0.05472711239108357
0.7583976623866067
0.38444352535575455
0.2320763457263655
0.6019006151240229
0.017590340234247437
0.9503054415434387
0.6953274988843358
0.8364306858804591
0.6938715499121244
0.6340708140637883
0.12611835337748567
0.16629020665198602
0.990662163195467
0.0357057163910004
0.5480734511731109
0.7813570910845339
0.16103008308031264
0.15203079487825555
0.2024812578106001
0.08189850987050354
0.8236045213989183
0.9888252326311471
0.18955558189498922
0.3461165866128382
0.9103448297550089
0.07347876701566004
0.04402419965842321
0.43874765442205355
0.20789939627257326
0.9273121831382499
0.7151459706845535
0.0983384929902722
0.6318114046581165
0.2731792090839251
0.9625672936462648
0.43596793845280263
0.10692631239358508
0.8097769709343607
