2.8394263552669237e-11
1.4614416842665407e-05
1.3821649690928303e-05
9.140751709708946e-05
3.102811215871734e-05
1.0783025384960494e-05
5.731481344539948e-06
0.0001745281310175579
0.004426511119731154
0.0032509208258692172
1.7688094669099587e-05
0.003866375212313538
1.4828308134422674e-05
1.6955118517866342e-06
0.00011554281453065463
5.677655971548338e-05
0.0007683528991543839
0.00013864358937685112
3.679946508163565e-05
0.0029974754800058826
0.004238834145014535
0.0003564662291257305
1.6144801650808184e-05
9.637670895137395e-05
0.00018127609087349294
5.414263696227958e-05
0.009591864788521542
1.4058877947445904e-06
8.241266754901623e-08
0.0025813026475283523
9.210275318851356e-06
0.00025704804206339867
8.88984621941268e-05
0.00041563418269756385
1.1056308223331898e-05
4.430432681101904e-06
1.1161236221423078e-06
1.7419555717731512e-08
0.004463803583132266
0.002235438804943233
0.00014384454101771754
7.009068549787427e-05
6.180895639434181e-06
0.0006066664166802068
7.694857647016619e-06
9.496521991350957e-09
2.954564937133898e-07
0.0005855917899636555
5.19448503960258e-06
2.434899520749686e-07
0.000489750045723643
0.00023925906561061784
1.3802261539122513e-05
8.30366668487038e-05
5.93207374600793e-06
1.958343753903664e-05
3.3400937239385946e-05
2.0339416523807e-05
0.004163628782710253
0.0020307402229719305
8.502155596958811e-05
7.536490051780433e-05
6.710629968426998e-06
0.0002610855760401366
0.00017597558815681593
0.0003067729057394391
8.450558959485127e-07
3.4451351591532985e-07
4.029823785651239e-06
0.00765182574536303
0.0008693769286378653
5.637601135134892e-06
1.0284578671022353e-06
2.550596956309122e-06
0.00010484352496721092
3.8368217097801564e-05
0.0003944632252361746
1.64134169450677e-06
2.6218499198050645e-05
6.991760413403907e-05
2.0898145915299932e-05
9.56352982911824e-08
0.00011935947356073202
2.8339423118627135e-05
1.786857947408814e-07
7.598297831423922e-05
4.350115412956297e-07
0.00012978884998543993
1.7990010684776534e-08
0.0009175125621599631
5.67383916828056e-06
2.431456757564719e-05
4.07860270142823e-05
6.52380184813543e-05
1.5022922181132509e-05
0.0005207366763805364
1.3407355434802315e-06
4.870381492663516e-05
0.000721534164475146
1.7986282391109404e-08
3.2131040470577716e-05
7.204547069036034e-05
6.555301714439669e-05
3.8337270387489265e-10
0.0032181516192537492
1.5377703276036838e-05
1.9978961751471135e-07
0.0011457231471411987
0.0002110613005632226
3.997687739098059e-05
0.001297288904617946
7.599036983340875e-05
0.003127704374872782
8.215416333885029e-06
0.0012250711674925425
2.168693392344031e-05
2.807744028942612e-05
5.723692074287031e-05
0.0003011931993182398
1.7396070899913792e-06
2.3648710014215727e-06
2.247212879441447e-05
0.00017519301149930748
0.0019157661381967689
4.2399721312699645e-06
0.0009222104251632521
3.0208502153997454e-10
0.00032815957674686355
2.3495916486006454e-07
0.0003249252383807413
2.944349334737892e-05
4.735253854395043e-05
5.398872504521507e-06
0.00018312670006909604
7.849442347739592e-05
2.9467484323667984e-05
5.881000433937926e-08
2.9801234621467876e-09
2.6596386677231956e-05
0.0003387114961409408
5.300272775485783e-08
0.008189023398549667
1.0832246161681858e-05
0.00017284150049677182
8.703093764851425e-08
0.00010293891966314995
4.686959394566505e-06
3.768969848337882e-05
1.4127892319142955e-06
0.000211111178148517
0.0002691597691390687
6.836942592111546e-05
2.158082895801322e-07
1.02107004196746e-05
3.8653209150440406e-05
1.278292839706987e-05
0.00047561495690519133
0.0003665769496792412
2.9512347283997135e-07
2.777730929073531e-06
3.112008618876062e-06
0.00010127416108654687
6.678083111751075e-05
1.9712900645789006e-07
0.00015491894010941738
0.000114763777398611
8.21114661461222e-09
0.00026247391296651537
0.0005536281410383763
0.0003690415327330692
0.0014555415670794796
0.001628941252029182
1.0675534264097376e-05
0.0001710328775015366
1.8990842146574687e-05
1.3112179527152481e-06
4.1494354513407616e-05
0.000771133021466651
0.00012232033694958307
2.1498031058190348e-05
1.5991165057509778e-09
0.00017193009548627897
3.3352477384287545e-05
0.00020499807434832382
3.4786594899924653e-06
6.954781351457464e-05
3.743834547664517e-05
1.2452509442447402e-05
0.0005956555646234274
0.0001046594821809998
2.752458785503376e-08
1.5200650126740117e-05
3.495605143801529e-05
0.00018972830446416887
8.773621760211764e-05
0.00038993003380810077
5.821651869715406e-05
1.0148179642507448e-05
0.001783704922309378
6.3928528373154945e-06
0.001125289799986038
2.190388785719053e-05
2.651501059850701e-07
0.0006880165580789565
0.00010869803118333373
0.0031883762084834576
2.985098986636878e-10
2.8623215554787956e-06
6.833541609311207e-07
0.0011488460929399806
6.0551593143542946e-05
0.0006702841747285929
0.000206675169277505
1.0049295898847025e-05
4.83169523067653e-08
5.660773667146945e-09
5.105965601762014e-06
0.0001865809566427011
1.6512217032183307e-08
8.126144438979124e-09
0.0016594433334416795
2.4288016212469615e-05
0.0005737859377044017
0.00013384511088405902
0.003929100954732555
1.3197198026657607e-05
3.9407874274886155e-07
2.8182152292971923e-05
8.180806595502542e-07
5.6808529620692114e-06
2.1174462707234857e-06
1.8524654282146624e-05
0.00013496393594545532
0.00014936759609305601
0.0010089559984754674
5.06832920788863e-07
1.2619946147979668e-06
8.244528610335495e-07
0.0007699171208609118
1.5205238401153261e-09
5.530947399837941e-11
2.9752692896552223e-05
4.803042504644363e-07
0.0006505247488229983
8.865045854998641e-05
3.327248957204449e-06
4.2279099889285845e-06
0.0006295591065838209
0.002110039969769655
2.0962052126967077e-06
0.00010276981339896615
0.0005314052865821617
6.9196241440896905e-09
0.0005219721220465996
0.00027274381180394334
0.0008253892923031996
2.7323591573170256e-06
6.384314943552172e-08
6.856035716414869e-07
0.0014438270520901338
0.030959954396448018
3.8311120552356556e-05
1.2321053479098998e-06
5.074646617486074e-05
0.00035080969030115217
1.3209349822416142e-05
7.387091211137126e-06
1.8476352805348527e-07
2.358869148700108e-05
0.00019083839485383176
0.00034136906593214115
3.1712137375231874e-05
6.733381361027196e-05
4.837816240996477e-05
0.001015938953640806
0.0018316238639297453
5.5031587778374186e-05
0.0013851508479460644
8.547472979367018e-07
6.586697858466582e-05
1.119670257230807e-06
1.0433904044405026e-05
4.5603366696935905e-06
3.2360151871195966e-05
2.214574773483712e-05
0.00021231730006994595
1.1957698701428646e-05
0.000267868747818463
8.089417684028661e-05
4.123316681104528e-05
2.5694406732091097e-05
7.35189142432487e-07
0.00022932183536904433
7.038781179273186e-05
0.0001819454657136068
9.820398808829616e-06
1.9734520866053536e-08
7.279068864402927e-06
1.0147212435003446e-05
0.0011387885416746463
5.560664891765492e-05
5.407215371046505e-06
0.00029164487772929645
8.587028118973937e-07
0.0004435989167982278
1.6114619841067591e-07
0.0007864960996856304
0.000508589411639664
1.6796247203844644e-05
0.00012084553381021164
3.19584396092265e-08
0.00020038222282703371
0.0011304402481435874
0.002002743925792447
0.0011347646184001596
8.313880106104356e-05
9.832322754896386e-05
1.1884933791221449e-05
0.0025842270743917815
0.00010996068209046538
7.67893801988722e-07
0.0013376502632011912
3.7654142935209556e-07
0.0007672835236061915
3.944397799404833e-06
0.0005493008385244424
2.5030237674215343e-05
4.1616253259077775e-05
0.0007542965885354468
2.4688045245509603e-07
0.00019859352539399638
6.397868958693381e-07
2.4552361310220158e-05
0.0007682559469723596
2.759340846901841e-05
0.00023230819375656195
8.516018780859964e-07
0.010156598536970575
4.8946651960317e-06
8.878332935073525e-05
3.429731368809248e-05
5.744568409312238e-06
3.053051642949388e-06
5.931735878506092e-06
8.745610466376095e-05
0.0010596432202483145
0.0013974521620715886
1.1592989747253543e-06
1.4204436136813349e-05
1.3736069851580863e-05
0.004394516801797038
4.952561229741909e-05
2.687332329095808e-08
0.00805698052210768
7.333222219818992e-07
5.613727037446591e-07
0.001187733974703984
6.100420557529439e-08
0.002233199076763018
2.8729998322390074e-06
0.0011034758258510807
2.638340041260077e-05
6.853938179241959e-07
3.701573639172376e-07
0.00012752221724788584
0.00016509794320271174
0.0006688364425966261
0.0016047287850000905
0.00021740924073412594
2.6380403415906825e-05
5.476239245854344e-10
0.00998694627566859
0.0014488141775245
0.00010067805472320177
1.550389672102599e-05
4.456577755332709e-06
9.34043676192117e-05
1.7314769512916828e-06
1.8037161533080096e-07
2.3431670738537395e-06
2.2620285164061676e-05
3.93769437899899e-08
5.306037696238046e-06
0.00026448997669656403
0.0001900332533912297
3.460842651536301e-06
4.3690866064786134e-05
0.0007166842126283016
0.00014185839618395936
9.058095915108775e-06
4.912240467876923e-05
