0.0549050527265424
0.019721858844176075
0.23809230741009213
0.3909635323138777
0.25438117381193914
0.1493767465688447
0.08100101432899853
0.12680008086799344
0.5566789209556671
0.638735180974614
0.609186513790355
0.6830156080961824
0.2313741070241106
0.34232973653672194
0.03197141961946974
0.6647367258247343
0.5554527728750749
0.0016304494329153485
0.005945756193840079
0.1975887861404606
0.9331208257841
0.1130375735677444
0.008073586092026762
0.6362107083293768
0.3828586258276031
0.40749183751507284
0.8009769419158238
0.5436113557864307
0.5793996019703715
0.6152061177842473
0.42197940156526803
0.10689232251332365
0.6330888771816825
0.7726940497386763
0.38550605431848783
0.27795938116976115
0.5756173251895005
0.042128474087904315
0.244843147075545
0.623689939952281
0.06781862312133025
0.9794350803258631
0.7080182918986256
0.18036500277340173
0.5555037249214632
0.5924131563177222
0.8156424819715424
0.5716898463785633
0.7398082368248382
0.9703824985839697
0.20925674365615676
0.6971724742067953
0.6531647001398431
0.6470915135091032
0.35647696166071563
0.019142254273701295
0.9458029591129026
0.18475831338662788
0.31950068179349866
0.5657142419601755
0.3703120999928848
0.7527613733039134
0.8645316859688271
0.06727070123735328
0.005158196198544083
0.5442026724878589
0.08508887276142514
0.8928617129437844
0.5381906373309495
0.8191257318665983
0.889279006465737
0.18608796551983586
0.9810019708940245
0.9956798001210434
0.46704745197361464
0.14295485988819773
0.5493075437211293
0.9838192070044087
0.37128175961040194
0.8533706853826257
0.807614891122667
0.34972727857241376
0.5888655321579381
0.5620279876955729
0.335710063766236
0.3080983499869012
0.06043148584499125
0.1365903266386131
0.33030422805608306
0.765320751791299
0.5533640380644924
0.16549356287980088
0.6018513058575428
0.7713132823303829
0.16138422790246287
0.2679341983820045
0.11869290325066406
0.16017307557368018
0.533138662314335
0.7502846194560843
0.09878628532802036
0.5973828887039355
0.2024278033643453
0.532620271179868
0.6929083245425898
0.07535831026652895
0.11819475598475182
0.08953752607955545
0.6640144756408678
0.23317912669312196
0.719252773870287
0.8826276949210916
0.33411156358526667
0.6170395734492484
0.8413239570985848
0.37982220163496105
0.21483962701069914
0.7882757527060227
0.19507513789974443
0.39147869116679956
0.4190144129450777
0.9910241807990621
0.4602426918484616
0.22025937081702018
0.1237742985064656
0.47576764082659856
0.304644861389819
0.055000319377480754
0.1742526290186024
0.3123028294653536
0.4730272593307011
0.6231184278968493
0.8756931113962725
0.44230963758927455
0.5154904916760721
0.18741348695624982
0.42443117610418163
0.3114577737743598
0.5640610719391973
0.09446064890637737
0.08875960902148243
0.9446051578403872
0.6575904898329077
0.9711040805742731
0.7381255189968938
0.5269802545124372
0.6712944620993642
0.14314527115649084
0.49753424211557357
0.9569957177941395
0.14099696231104053
0.283990692931696
0.17182095850726387
0.39249580780274995
0.5002961475343419
0.8826590582074114
0.5784640123661717
0.8915824945530246
0.6581294650844536
0.9589668797271675
0.4366849039592584
0.8297302813300147
0.1550059552202656
0.38034668621926004
0.6247618379960007
0.9355998330766575
0.21394774476335265
0.6581123965369583
0.14135617601422892
0.2978840423642442
0.4024196497855479
0.9276416179399961
0.9701035138319183
0.774160213438598
0.2990999015173085
0.10260618273293548
0.19641246505102194
0.2503157781516066
0.02965035237816438
0.5538005721952417
0.19211015269359624
0.08342526125706945
0.5861782493724881
0.8174723555279261
0.9722646195896789
0.6540833915675562
0.11121408925520844
0.439994012328188
0.3603629157930701
0.6463118209157557
0.09057953966750931
0.6862737201261475
0.07259941684322675
0.9452384149686934
0.6148657857254347
0.27646764899360793
0.586973618087417
0.39367964561970115
0.9439355077956535
0.49642716098135
0.25829722398737553
0.9329912481685814
0.77603158920688
0.7894588516735721
0.9439678194697585
0.1436160079968758
0.8844375098083864
0.1480452073094166
0.39748399392071715
0.7112016338675466
0.015031699639808105
0.30361797209610614
0.819745786072649
0.5338543383708927
0.765153085844386
0.5744604607403799
0.6511638915337961
0.9911282321535637
0.19583202588273635
0.013968654847557592
0.8771449091501748
0.07474999920127012
0.33021133491435256
0.43602532031743135
0.08678973159877651
0.4970997112600711
0.957562936106862
0.20906336228090838
0.5263314687874638
0.3567690521610405
0.5534919319647453
0.9943865028677706
0.9353369808511566
0.41094048211846285
0.7385463003410078
0.06685380166685716
0.254897290456531
0.08730343412319362
0.7684805088014776
0.3523845484154524
0.21690471397700084
0.18011772128195558
0.8939623043316768
0.5964527825770924
0.44853808069185575
0.9118220482300284
0.5569560147826487
0.8610763380783917
0.3664929550378762
0.12181309009439345
0.7642893286502122
0.7700393577439661
0.07188753540893145
0.2600638388400269
0.4503754153261366
0.8705883132858749
0.2909236379003006
0.8248189322514137
0.8520082611615913
0.11910444377347207
0.5183724212630308
0.32479541895230835
0.6327258010125644
0.3811468617601568
0.7056373706702487
0.6208941905015352
0.09854120152846213
0.1891198201664599
0.0676023024561141
0.07588939804251549
0.8612991445023701
0.8474473568992
0.1784277146171171
0.7324656221366244
0.7576597860715264
0.12018448411203803
0.9840300495938583
0.44482649888444126
0.048456929149999786
0.8138819686342029
0.29995550602521875
0.6311085470287116
0.9959648632518172
0.05487719918429157
0.7515442334428352
0.37536039858799203
0.17089810280649106
0.15827887720256495
0.5776372433652269
0.4888745050170693
0.04262345816565733
0.5040098035413032
0.5936482817259285
0.5929164590896387
0.13718018767070794
0.36342365224748563
0.26564029087827823
0.3892066405943111
0.3892886925061288
0.4056739475268609
0.23120184508025154
0.9122145560444503
0.7411550268684735
0.8960976000418179
0.7571185989572207
0.7477087768212807
0.5359379886492159
0.7382621104759065
0.2508729206735867
0.40906086866095137
0.6507904497486177
0.9700660451441558
0.9778176569274074
0.7834051954232737
0.9735953822609971
0.6279486948928592
0.31535077535343303
0.42410209417677525
0.36302788363305183
0.27419282425973374
0.7119069351237587
0.2687696250545906
0.03117405168812315
0.12592143091413535
0.8189294925942265
0.6255021264511985
0.993182473096949
0.4824484216985132
0.290630379870033
0.6523527386354013
0.004236718660594496
0.0541862467612273
0.04054605022039426
0.2713573810806833
0.7424649475542417
0.024471919886467124
0.2391512526491425
0.1847503481314756
0.08263746988066423
0.26843760912153136
0.8604895013767819
0.17890150324737605
0.2053399315286372
0.4155755803853385
0.30927986152660936
0.6849147963449056
0.24453020109377022
0.3026260423026658
0.06171735983773816
0.6733792462707354
0.8145719950520385
0.6911259311138014
0.7995574250960106
0.04822218161365475
0.7235620176972344
0.05075822397045228
0.22112375835252396
0.22853875484236896
0.544298656929779
0.014135983886186396
0.4946109901666966
0.24352025575486277
0.9977591326205937
0.36476746220306255
0.14312216273439785
0.8846972570135688
0.5137476816623088
0.5569681687725382
0.10938656827484959
0.7417389464625304
0.8557241370400217
0.7064046315116944
0.05258663507772101
0.4376705072551421
0.2432595336537887
0.779457700970035
0.25482804795258285
0.7593616027305015
0.42050720631640814
0.8633744781624482
0.9886723191084077
0.5936223165088923
0.3619682395001278
0.024397144550750656
0.23793158998950906
0.358637314467394
0.741041184870272
0.3272285927465137
0.3354154081909124
0.19098727957790063
0.6249435289024118
0.7878524137500389
0.7884440797722475
0.138659098950196
0.09856481189682484
0.3785979824270031
0.4422721674417376
0.25298193005639186
0.2870785894632631
0.647650886074206
0.16345823891890676
0.8057109976246158
0.9558128186966041
0.7178407985772483
0.10490954466962563
0.26518766275898736
0.23196809915276767
0.9787481291956582
0.05505214634117883
0.43407070650638513
0.4127678032770802
0.5539351023044343
0.8786768155265139
0.3611394077715986
0.006650036215738231
0.14136372452170765
0.11004912884026857
0.3346782623439326
0.8884392123989981
0.6867322647364872
0.40476560884940316
0.46824610013543144
0.96469689111972
0.523983751730555
0.5189167068233269
0.9247262327552174
0.6496502528645387
0.894517656243391
0.9244085249684988
0.5015489779395359
0.9256857772966227
0.996799013801458
0.5810902511475311
0.4288978608942793
0.2699365482847276
0.7844661186492718
0.06067256104156866
0.5078614103459531
0.07427009371197008
0.9730738437284419
0.14943859337885868
0.8896017413429949
0.48938129466614044
0.885028902050166
0.6766682016117888
0.9099278984286154
0.11402840682324267
0.023203552415721855
0.32529155512045804
0.01888371055727789
0.505062368355705
0.7751006481526255
0.11415154242530345
0.893603938805329
0.6323881591065803
0.28771044784414235
0.7779568271190752
0.6161882112494613
0.9903951175164682
0.4230670712880166
0.2545272153546485
0.6688770403355695
0.9986886568431752
0.25164921050001077
0.88494910166771
0.20331777504907672
0.09198287140422856
0.70223361816914
0.9731004908678877
0.45706564732224475
0.4529581238339499
0.4429588499497394
0.9236081393816433
0.13058174258381894
0.9755720060141597
0.5991370042926327
0.7231934610876911
0.42077359320929997
0.8103650882318701
0.08113301943818747
0.6025325087399036
0.6996835666511807
0.44040598632282807
0.8550847041150519
0.906668215361289
0.7098390143524045
0.8399150320415771
0.11336404616086782
0.1277757626495588
0.5738441686031466
0.8633204548825288
0.8752990146997606
