0.01649477429941375
0.0009533956470490008
0.037304263657219845
0.0006503684891990408
0.0016477128830871698
0.00011833233760737046
0.0005236854547164702
0.004532783788424652
0.0004624356566238961
0.0006924124837246081
0.016419154445729438
0.0022718949693819857
0.00720701908502269
0.0008619803372637269
0.007249611470523549
0.0008618128396219594
0.01119254035375846
0.00030072958469094986
0.0010011280085058692
0.0015080861391731065
0.001896824815629447
0.00588374609939489
0.0008907259590195661
0.014957037402877623
0.0016903621756138266
0.0068767584384253014
0.0009104211519780561
0.007366354011126913
0.014602533850433325
0.02409053279587842
0.0002551524620689152
0.030668151202753666
0.0030161998521795667
0.01832126638989396
0.0015921131456052618
0.0010265542791859465
0.008244672445182887
3.198024324421521e-05
0.00010490170137325582
4.663381857611021e-05
0.0026174117305345877
0.0642915494580731
0.032960935102990356
0.0018043547187896803
4.968192304570886e-05
0.011795880384319087
0.0003684098451038865
2.8509179924093823e-05
0.00041429159602242234
0.0012341063955500216
0.004540618963990892
0.024183411357172176
0.00705071238284333
0.013863195502968521
0.000629146144227731
0.012830270993260399
0.0004893142250567174
0.001047259971530993
0.00434177739544577
0.03615042957000489
0.008701768522995567
0.008681172667456018
0.0005638081415893051
0.0003746892540750643
0.00012867452685209503
0.001333988432117599
0.004848340403750581
0.0221328707427501
0.0005958982882146114
0.0021023313903308057
0.004524994981802224
0.009510701289560414
0.0005352632783159831
0.0002601157556693692
0.018303139466363246
0.056291976577588686
0.0006611978066820087
0.0017720870221394234
0.012572925847198949
0.08389871595974364
0.001142434823689825
5.679820949317344e-06
0.004514443864105562
0.02252035150050835
0.01377797379438476
0.003094962782169871
0.009831481465053518
0.018814978351415962
0.008679732147460126
0.011561743988479962
0.0016076507122729647
0.004853242800045954
0.0009442979494271278
0.03487994992942298
0.0005671461694454288
0.0006451952877121236
0.0036842500606126456
0.00040750742851027895
0.012536769015779629
0.004212154210688192
0.00020181422252554484
7.18404173988247e-05
0.05023695588150169
0.001473408450510656
9.728726577017292e-05
0.0003434932717590759
0.0009144422125045302
0.0064252243393965345
0.0016021497925657441
0.0030911300109430434
0.003334920215914804
0.0066702384743954945
0.00502975967277461
8.660499611180251e-05
0.003977679721444972
0.0006624168427248799
0.00017326734785625154
0.001483488972549691
0.011691362683276885
0.0045680218646742725
0.0028359041173335268
0.0016590874992192192
6.865870977763763e-05
0.001974457708021371
0.002082404598141875
6.895724831983365e-05
0.005240407684272848
0.02705206074852633
0.0005796158717540636
0.006047325060944371
0.0013669538688640644
0.0009676651410890078
0.0011844229682588733
0.004852076329947186
0.0037689279816708497
4.172996818237469e-06
0.0002872489434580123
0.09665067483851146
1.2496054688856347e-05
0.0015410871171134424
0.0013761773082142461
0.00018828877848598065
0.0004996042366639251
0.0015088416980434925
0.00714317802905424
0.001729466830912785
0.029086885066504784
0.0024116419497302276
0.008907540959702611
0.00016123321537217606
0.0038838632236397586
0.008141031072813384
0.00016382306716833085
0.0005425664721439284
0.00018779107509020454
0.017629594886218215
0.0006006276704122019
0.004228935233932627
0.0028699433653317378
0.008247747993686815
0.0024834767244117624
0.0025710738240687283
0.012979241980416382
0.0001281639355114404
2.035312911007607e-05
0.0006926271442865025
0.0008444316844486692
0.023058325813350905
0.0002422327093932189
0.0012182044422611217
0.0017508587499103297
0.0007128432879884895
0.00399561862783849
0.007478687177618798
8.265824809343884e-05
0.0005308815046268135
0.0016911357929838826
4.7075497818845106e-05
0.0015775262376932092
0.006672507233576456
0.008021126075732035
0.00023961140155063604
0.0010904198878552377
0.0031784651030173855
0.014025462474159353
0.0006429024741507948
0.0027475984514552894
0.0003961476412148332
0.0015383370181669014
0.0006306046539551688
0.0017561910202602247
0.0040998361150181946
0.002570024245332168
2.066282437505601e-05
0.003506350918518456
0.013897785655230388
0.0014040764124125045
0.004364377280159585
0.0008509462555411468
0.04412598000630361
0.00022038189050216993
0.020758106045011313
0.011152544200050804
0.0009338400782496728
0.0007045564887310452
0.0019973549255361757
0.013601269164352923
0.0006058380775243523
0.0446452883746863
0.0050849125751363895
0.005789246237445029
0.002640546020611247
0.0016268546750826415
0.010401923932294277
8.243404115757375e-05
0.00231604524948536
0.0018684889512756307
0.002326482383435091
0.00035204790846511864
0.0005019430721501049
0.0001071603016850936
0.00013294485895278948
0.031348828186637735
0.000985223423134138
0.0004823030244830109
0.023721616710099775
0.0030934112083663167
0.038662449779023604
0.004826125642263135
0.00027496001725915996
0.029606463572642013
0.00020070292629229092
0.02006686467552811
0.006054129880950843
0.0003510202762297914
0.009731927151527004
0.0014963223688991445
0.030519256476217695
0.0003365952020754364
0.0008916724369104479
0.003596721439270922
0.0037844735510942805
0.014758916371857332
0.00025160871441442384
0.0010341793252978508
0.005338145733406797
0.0026906515110847414
0.01845523212102215
0.0007577859158570788
0.000502216524792741
0.0017697176562102353
0.002947211955492886
0.00018587246267206934
0.00037349316276859604
0.0014997774958653931
0.0022618487870104077
0.0009579355093374695
0.009512802468195745
0.010604932965053467
0.0017836441777745375
0.003763789098044662
0.008932188879981309
0.005495307012012258
0.0003529891715397667
0.002927845884212168
0.018914908594735276
0.0023675013117992715
0.009127136327376401
0.025290276767126193
0.0009784294988183894
0.0007456593839296681
0.00018670443453992132
0.020461216959185787
0.0020290755037160996
0.003530670697106838
0.008105212286725269
0.00013520006546225707
0.0019345414105906066
0.0013573203902183912
0.004153859556419003
0.020640758972394188
0.0010331269486115555
0.0032599130999208274
4.6269656423828014e-05
6.976902309958571e-05
0.00010439151102998426
0.0005521783641808679
6.172186188395823e-05
0.005132403064188585
0.0011768893510255597
0.0252823492579092
0.0015551013120563373
0.00015494355972623877
0.004325289941344908
0.0014776553858370407
0.0010766060176383052
0.0032848165130610076
0.0021770539865047143
0.0003407155583839876
0.02327809499945788
0.000965801355729942
0.0005201973781894125
0.0371951482101954
0.011623829279330282
0.0022938827236621355
0.011562448458941754
0.002981512537543311
0.0028436275281219624
0.0009685939679843346
0.03773706607815246
0.011424760474318932
5.3061058143150524e-05
0.00814618319392145
0.009945802509442688
0.006400665054881329
0.0001264819961173335
0.024166165884851907
0.008620857360312744
0.06386867884973885
0.04484759721307396
0.00028045495771312085
0.00343943668127515
0.0013841082799230622
0.001741288059126542
0.0013514226253495672
0.00030662092718205245
0.0014490197565745818
0.0010367389943491735
0.004030658977268967
0.006185356583511056
0.001252209985969645
0.0036052442084376023
0.004461984783802873
0.004741521046445225
0.01083700463326815
0.003239355553294341
0.003158701064682019
0.00018611625887079237
0.006622611995693922
0.027929196731602265
2.356584849342194e-05
0.0014029310344340392
0.002629308872068621
0.004430192805154513
0.004779747505015534
0.0024069611908090643
0.0016104336200407322
0.002831105175300174
0.0008000944948408796
0.0020073242809258117
0.007884630039038927
0.0020671240160883707
0.002986595334806821
0.0013879083349007581
0.0005995736373973151
0.0015541559003286617
0.0015712274555204416
0.007207270259953522
0.014672299811963885
0.026381889197528527
0.006636058412353967
0.005769754976524213
0.010270058851245142
0.00019107075032097652
0.008188910517891178
0.0261012832324028
0.0014138448920723004
0.03826864943446385
0.011144589011843162
0.03333806121090549
0.002116920225059884
0.06255004870012006
0.0051057279832477515
0.002201734221872335
0.0018666392865370656
0.0019001676637117096
0.002839372542841159
0.005131605019598542
5.2061931940062015e-05
0.0005346920511619144
0.0008143318498480751
8.083954766229314e-05
0.0026704477882669017
0.0035281574074631176
0.010969039615911702
0.04627999831220618
0.01048202921522583
0.004442678140704716
0.0021494002961633006
0.0002815168280762907
0.0008824462314664825
0.021881567235185136
0.0006639043065131179
0.007419701590349887
0.00998899171368079
0.0011751738790508847
0.0029578368628089416
0.00097682939806974
0.016374951055049283
0.002294478385995368
0.0020761396715476845
0.0008654807623496544
0.000887980803422095
0.008896239419961023
0.0005641723318406848
0.015184339609180322
0.0005254382129000286
0.0033825995037924956
0.00267033311211271
0.005068377866161769
0.00032493533510793765
0.000131596367905825
0.010599313861882412
0.0021640366737457864
0.00011988985659023783
2.6500503291719136e-05
0.0033912802983067135
0.00011380434689655416
0.0013445271906487924
0.00010111309551734507
0.0020830540227491402
0.005468134320194717
0.0006362388969650654
0.0035377634792364706
0.0014970555582879577
0.0021062247823751155
0.02644325712586474
0.0013291079783264172
0.007960694874340552
0.04737448832561743
0.00435586703413699
0.005796643045568925
0.003460995284692414
0.00016069242367897774
8.471493955428458e-05
0.0020513410873983138
0.0001441144587188193
0.000688365663044568
0.0004380056768463755
1.2809570225447961e-05
6.606504954547712e-05
0.002691832823192395
0.0013055406877134994
0.00015702096684643157
0.0008413760979329518
3.0600019026967846e-05
0.004944376841211087
0.0003735827718648833
0.0008039758631629369
0.0030103267716390858
6.88947182738307e-06
0.0005520521016389631
0.0003403880187949856
0.006291740688828134
0.0024452727907019202
0.003736353075490826
0.008190082608908791
0.0004105665435627331
0.009022880961951613
0.04113907418455002
0.01235933945627896
0.0025036604541936337
0.0024046054639418374
0.00012930473193300588
0.008550879943763393
0.0005984596047912045
9.197991948832688e-05
1.815045346890456e-05
0.00034557119778660976
0.0005349593496852472
0.10025091065371575
0.011082245573664825
0.010102244338283835
0.002476858652726305
0.006658135020956277
0.0017551250263302687
0.0005584515685230316
0.008248118357846264
0.01886099864736322
0.000440900142308955
0.0025625774556805856
0.0033354426262908014
0.0008404736069080145
0.00122827200425208
0.00014970048273565807
0.0007633379986498749
0.0027623381292845323
0.0004933223732806898
0.03264786606289747
0.015864278102572682
0.004580708910704172
0.002883179051981719
0.0008950654117256375
0.0006869572294126112
0.00045161351178390086
0.0007264758454874725
0.007627927638811375
