0.825392258713552
0.6162328361239153
0.26227604899907103
0.6964976821451961
0.08235506902767731
0.0613889832579797
0.9679657681236467
0.9888422487088591
0.3387063472195624
0.11522012984463093
0.027141932176525385
0.4480370905246164
0.1686439742696244
0.7852822817283793
0.6035387327292361
0.20446363023732483
0.8962895324180706
0.7254209070153381
0.052561490619905005
0.8827472459214674
0.6300199900404397
0.0036957994094155566
0.047235422233937285
0.22136702972956623
0.4751706343306483
0.029785774567895995
0.4459404462638672
0.9655953646266725
0.1378505914867281
0.38492871895889297
0.722062956742793
0.6832250949245297
0.003135448004120134
0.9573378646372499
0.9180837418017153
0.008261410690725501
0.8321241224896929
0.6579018324409178
0.4328047506045338
0.02115727265986922
0.10667940777590368
0.3686606645515415
0.8774823964390603
0.5998844150814726
0.4815898028876948
0.13983641721564322
0.3165752278332643
0.018634223347131496
0.1330766858972241
0.2833157118502607
0.9329252112506874
0.19537807269452467
0.0022415017968460127
0.24322439479933666
0.4341628688321786
0.5496849689229262
0.22322636504386123
0.8273001118174979
0.3531000029210475
0.25723235189716137
0.19077410454824117
0.6805166643396015
0.5649713940439505
0.9437908868893188
0.006045176467772251
0.32265363582238393
0.47582853128288105
0.6338062106733702
0.8997636604727914
0.4406922137757361
0.01766181813026857
0.8413287125242963
0.8215977372343917
0.3829072563876119
0.3272657773458907
0.5250862558540883
0.9253556717519291
0.024354086107675643
0.8989672253781334
0.8026292649439464
0.8739962381490375
0.08505054166891757
0.23746530159771634
0.9174214729253994
0.8982250627329148
0.730336345994786
0.03117564802352968
0.9226099909123182
0.3397966360851701
0.046864718083479806
0.5411583533844196
0.23851916046373237
0.006567519919111531
0.13270445497453975
0.8628642221723566
0.06885100484339968
0.13633801696560593
0.05575833154424954
0.05753012964231674
0.9138553245085792
0.45155939455181227
0.1481679827083463
0.4219259165922474
0.41280443143629464
0.6481297258326071
0.3979495367109589
0.3754453100593784
0.4089835004596136
0.5644457443686111
0.13742208396043876
0.9707456890174512
0.5475733554994079
0.7886986768176301
0.623900873083932
0.2405452944688836
0.4268578828652929
0.6003034923270967
0.9817408850299214
0.00910154014254183
0.25783593868509813
0.510902764957395
0.3172235520193017
0.2417484263760492
0.3838020190886893
0.35024834235999225
0.1550650930038826
0.05065378301616619
0.09252634616332389
0.7116154210761454
0.056917302455150365
0.12917078795721704
0.7495122793770295
0.29505709206310393
0.7234780400271017
0.01956249121302145
0.8522114296350718
0.10821388802614118
0.11106577358311398
0.9269647817708102
0.9651567849264089
0.16705034562445853
0.07018247267920263
0.48605355542297235
0.5432211961431661
0.741522318709013
0.775332788604487
0.12278952384354096
0.9508020135115817
0.02137198479915514
0.4442978524966412
0.27599632090744314
0.12596033620464375
0.18866588988128163
0.40982489740175754
0.3419061204648288
0.489078353962896
0.7852423595156071
0.24130985380202427
0.7573192085306002
0.6894216969994804
0.7620644840920263
0.4347461480663468
0.014929557595908971
0.5482889426688529
0.2989382095717097
0.9625026838897458
0.33546196887265434
0.9952550724834079
0.5274096164168867
0.4540033453995762
0.30295672983986455
0.10817665983343216
0.11346990942267188
0.6802557822698556
0.46820302154222126
0.27765331610222854
0.038809997676011676
0.9371227994409862
0.022732767654074282
0.13653234666199532
0.303807913218912
0.018418915832716154
0.6027637060211264
0.28113229431948916
0.5800660683989254
0.8568124886891992
0.48702945631132866
0.45342769531169386
0.04128877381491414
0.1789163471612072
0.45932551649738573
0.7997206199689546
0.9387548304775744
0.11487768407624577
0.4436113001617526
0.27599917243279504
0.43953264607881576
0.5167418853666333
0.976683023549136
0.9060662172972234
0.9197874969117938
0.802818108887559
0.5485666382952232
0.5095752262537765
0.941319959196713
0.008930930834842421
0.39552146409244116
0.5875528384934472
0.6415199644553158
0.3872532419675599
0.8046239810472313
0.7601303413663707
0.27981609567012056
0.7271016518145765
0.15645220290352468
0.04313200361709235
0.5025420132273808
0.4870466908491198
0.9081928960205834
0.2803451912187893
0.00865499848981055
0.002396185214276425
0.2465453911142279
0.33266936612539477
0.7146087313683611
0.16826988468314208
0.31381198000141936
0.9172166598455249
0.5572784947643465
0.12929143083821915
0.19731805673714126
0.39551691190374494
0.5275980426371245
0.3934963792084858
0.1129904650337404
0.3610265959104588
0.2539043638255367
0.4171969712344685
0.8062755247528322
0.9002433457963486
0.7882850399080523
0.21672275458801796
0.7045476710910514
0.4400316371176622
0.4039776803155317
0.07887344439426855
0.716743278887438
0.14832339750588153
0.016331092257394708
0.669555055551526
0.0034012081744434486
0.21661011087955706
0.5490042225791403
0.6524287972101575
0.8490177188538672
0.8617835381257714
0.0968509970750453
0.3250826335747645
0.861834131749827
0.46463701146071745
0.5435930055170628
0.8928603253980543
0.4098264999247628
0.49151497309709147
0.4042451922238457
0.7170016276368881
0.5991979142736491
0.8605256137303241
0.31032460380350485
0.21554025449007108
0.10727768972299057
0.8666773450901606
0.7136690031981512
0.004391877727776716
0.020473657366922582
0.060211631049218006
0.21037181333039245
0.32412506176171557
0.22482745412829333
0.6004787726120001
0.08861570192864487
0.9765503972423986
0.1068409352738382
0.15286991237851533
0.3117553020759676
0.7770965855223255
0.6795407874493269
0.27763235475183334
0.6841905330863285
0.9779003635996841
0.4778350594046161
0.6281610211576186
0.3784375482508997
0.19396116436765842
0.9039401114382586
0.20382983851109104
0.1666408244881714
0.9917914514388124
0.7249166756119958
0.9141273607830958
0.08055867201095457
0.34746370762425416
0.33337904402646745
0.11662920170099615
0.743285028120704
0.3989636541924907
0.2676769847014153
0.7532722099640642
0.32614930221660043
0.32851080828001655
0.11458912249901032
0.5807295684557452
0.32991214123955026
0.7815503921002515
0.3573463353956088
0.7567743405596828
0.40359421499352743
0.0695705596630587
0.5834728511757008
0.1548491246772199
0.8799765497107939
0.17119764208827393
0.7986269556751959
0.5292435704615357
0.5460801223684415
0.6025397539933237
0.10889387795317473
0.33720995645127183
0.9561703239406389
0.07758207476379542
0.4923437617693791
0.48353974129052113
0.7620487585919494
0.6139653256528258
0.7340158570635118
0.03468435768082645
0.11247301924574105
0.5829544588861804
0.8894335704034422
0.3181016901550222
0.4205756020049454
0.9794668944864766
0.39328595648171816
0.7331332989395705
0.5193375174920609
0.271131372160378
0.657151620709123
0.6951727345448668
0.6161451879995836
0.4823588346820282
0.8194992151391951
0.23996151824113832
0.670346901747793
0.03792140586158843
0.6673520789654082
0.20025659321221156
0.6719398678748074
0.3765828637406916
0.262170933250927
0.6060784515235706
0.07833538142206715
0.8272806155640959
0.16635270047946848
0.1853968167962082
0.1250483258042514
0.6365374541862943
0.991950754853978
0.7861556724564385
0.21263302994935196
0.6107049224428382
0.9172614327992419
0.4135008000430609
0.6239403300705806
0.0210640809159921
0.6410092411319197
0.13509638221950337
0.38576825624868116
0.7077972977602018
0.7401536011193534
0.3288280632586662
0.1912525543360808
0.9669482587804392
0.27283543043933034
0.07472660371698914
0.42870013742968216
0.865242890934493
0.2977375909282094
0.8284314394546124
0.519772335153657
0.7219712167753078
0.6154237217665239
0.6395020949058763
0.2940731650636336
0.4652717323760913
0.2652822785800932
0.07944019221902043
0.821796448567623
0.3268062880565308
0.5902255916287078
0.6601288411478252
0.11860592453104402
0.3232089458335301
0.34598068620165856
0.7776574295109743
0.5541849338199529
0.8616372016062281
0.4225051448957131
0.8131267235407484
0.3390108289954834
0.012459918899998979
0.9840467983556642
0.4774108533613064
0.9767094865412089
0.5343475686003483
0.07967584041946227
0.6860404823747525
0.0036852622196609105
0.7886857198557884
0.7255230075306967
0.21387765656553182
0.3797314613973375
0.9135667455775744
0.7074825344962248
0.2387103475520036
0.5300012580852588
0.933002948369437
0.8519543003923197
0.4581011895743239
0.2927015063172156
0.00016304773926800742
0.4846608195872577
0.6858204206726317
0.0050663193937154904
0.7022649668122487
0.005932069283402397
0.20954258765394065
0.036406353244819556
0.9845453835194422
0.2995097649693863
0.046324928218793415
0.8790978232145857
0.4151594760162134
0.7750578609454644
0.04745278682698206
0.7613745076371539
0.0032185570858975776
0.23426880186739907
0.8211164556693602
0.9321895322073779
0.013143787621342051
0.4688643852997124
0.5379194820029081
0.1760545485705905
0.7366768452876054
0.6202881951048649
0.24351953535049042
0.4947980552223959
0.5016850832399681
0.6362370836841382
0.053368357245123565
0.3187252771291126
0.1412057031166054
0.28656058905621973
0.49300739226043655
0.17926759645870538
0.595562738669806
0.08969237443748747
0.9731347660182057
0.7725581922413158
0.36191066458187793
0.26745184645407005
0.9655467683135064
0.34974015614305176
0.741508928672955
0.32181564688491404
0.17092280641004653
0.28295752413841035
0.6731523420744752
0.863254566575816
0.004099693984529251
0.4283164422471044
0.849640018513189
0.6236114058266169
0.8254742658172745
0.0002112991492675409
0.5519766780184541
0.20685822233610263
0.038837919717362765
0.851727934491157
0.09893282433309514
0.12688006543709496
0.8725606565733168
0.21871352788557252
0.1615503472171198
0.6192705541968957
0.9451148669587769
0.6359862142023277
0.1846388875522993
0.15469234258271394
0.09449016353206525
