0.00016133615000627768
0.010930210459751996
0.009836110893608689
0.0081330163753976
0.0005103210202270939
0.0002242226222158183
2.0547414277190086e-05
0.004475433815694201
0.00048656029352612526
0.00028126230704875004
0.001883638244076281
0.00010849261921844866
0.0023062755229782024
0.007682970703312744
0.00033762835739335615
0.001367533736368676
0.00021166147734265017
0.0029300941214448384
0.00207337956216137
0.004233835609743188
0.0001291226511286634
0.004878776504932868
0.002645368518410122
0.009520462760859062
9.783791496686862e-07
0.001689036006204364
0.0012882451832424678
0.002979916337504813
0.00042355191429365216
0.0007940228019506857
6.050065467419835e-05
0.002951528629943308
0.0025738365377082854
0.0819349201874801
9.028070623551973e-05
0.048188840865352266
2.9272543357045145e-05
0.0012724108041874754
0.022735655633841476
0.0003565138677821724
2.5968856218995728e-05
7.722128811110194e-05
0.0005512619730488219
0.010500011928354711
0.00014312489990906
0.003659192172007782
0.020060700288123193
0.0022758395094709676
0.00563113771748663
0.006312334449141878
0.007137070395204217
0.0001539744186776875
0.013694908161178519
0.001650043037057011
0.0010369506218922458
0.00020137627161209254
0.000724690115608934
0.004282529570583189
0.0006604591572657164
0.0004937279919435893
0.05803074321500062
2.106951741535018e-05
0.00290799514102036
0.0004343478428346198
0.00019735537698965612
4.223313372393358e-05
0.008120065549236487
0.0003859607277172467
8.392566299149476e-05
0.006509996990355139
0.023682408449378415
0.010753931796622337
0.0002642637895356847
0.0030048875000133007
0.0010369224841939265
0.0005548209490999238
0.0001796978775969181
0.011591987749558857
0.0015354825482027023
0.0022961318624319213
0.0013534825562607985
0.00940373025534497
0.0024093718593120165
0.042613514291942246
0.000264413076190481
6.746453083596736e-05
3.530396904133233e-05
0.006967681828507376
0.0035574273574602846
0.00026363508460959105
0.004921869238031759
0.0012260828602725761
0.0037669242090894064
0.00041551466591730493
6.444127633710827e-05
0.011926305191773881
0.015651419706709604
0.0008750904479327112
0.04597581296462833
1.007126044596775e-06
0.0007301137625265329
0.05899637893479216
0.0019174043898675342
0.0009569536095209739
0.0014991525936382144
0.0008715883146233055
0.0012859020427992446
0.001146758351677568
0.03587278487867951
0.004319246359452731
0.009265974626418287
0.0012445368756551472
0.001541676631998397
0.0012399103534947906
3.3897580405197974e-05
0.006172776312428123
0.012711186579944168
8.916120801032592e-05
0.000569206490249806
0.005990817841030199
4.250876550994734e-06
0.011204440721496648
0.001037543356900208
0.0005381623413809227
8.254643508801835e-05
0.00018904477355688844
0.0021292109974934787
0.008854802058686592
0.009668883754487262
9.917782291548718e-05
0.008726391445483705
6.610122280510166e-06
5.6483416732113845e-05
1.3711491143096905e-05
0.002946478789671217
0.0011181696715959761
0.002305010482412957
0.00494637189717076
0.011504568952945394
0.0113216129754775
0.009496328595813501
0.001405582876585529
0.0032839554650022744
0.00026878375547323885
3.928108184514021e-06
0.002148241876522102
0.00600169087948392
0.003456569194843638
0.06963918381920654
0.0008589131406163677
0.0006675890608453664
0.003404228151656271
0.0018712512056247566
0.004394648738131776
0.0029582653070384457
8.959201720659489e-05
0.011866897737023744
0.00012834124156320412
0.0076441388545863374
0.002104304458326702
0.0008933339474455978
0.0030512042605087223
0.0005030889288665972
8.940047185241517e-06
0.01402537386354464
0.020887631371762052
0.011277051573106734
8.431546408269204e-07
0.0016680292942441272
0.00011305998027359376
0.014134461643259334
0.0012382825459770627
0.00034560435371110317
0.00011071160287561417
0.012508450793925154
0.002031672594210135
0.005655466702614942
0.013556119451321803
0.005787893307233591
0.00017437144795186914
0.005491809855586087
0.0035518931436791146
0.0011196514929734088
0.03531655395258394
0.0003777290071955564
3.6604026853996834e-05
0.015700084413285364
0.0012132159487536595
4.222058973949128e-05
0.013955699164123767
0.0001155560537107791
0.004036017635643051
0.0010633675347731574
0.026836144898959954
0.013316927436288978
0.008569407276605273
0.0001129601096315886
0.001092767573303215
0.0005673859939454693
0.0005854419678451091
0.00013501157549978372
0.004631853071590971
6.1817322108910865e-06
0.01116617698770222
0.00032900008670647585
0.0006752648857171455
0.00041668832404601205
9.212651610596545e-05
0.005336559742612511
0.00020575693178896627
0.0001475204931418874
0.0002850901665520101
0.022446121275967335
0.0019027994043247084
8.396501966375222e-06
0.024732384335100582
0.0031216339345042044
0.0010689122548717949
0.007925042231508101
0.003963784907754276
0.0013724496227437912
0.029092628914217152
0.0019869767860713912
0.0032658227528091937
0.0002578937573480212
0.000601285662415839
0.0034416457286042964
0.0015382352708559932
0.0021816874453818
0.0007561232059530186
0.001546727791420185
0.0013674228908598077
0.011319194945522748
0.006877555608860889
