0.05490502839272003
0.5610915119442245
0.7952500341201977
0.26280439793382127
0.3481133975256788
0.1817195173762507
0.00862935086759467
0.19816003807470114
0.5566788795780944
0.6387350157766631
0.6091862860199233
0.6830153998582265
0.14277675964261916
0.38260486322077303
0.031985038486894914
0.8203365995447782
0.4550727450667698
0.0014263798241125336
0.005945755787639451
0.18954329814664805
0.9331206808509548
0.1130375476937275
0.8904361445437752
0.6362108667545436
0.38285872958382733
0.4074829676912774
0.8432726906268113
0.5436117348784947
0.175836868111942
0.6152054434235489
0.7800755610965162
0.04999878111093118
0.8879384354305175
0.7726939240629764
0.49549805178894113
0.5836302569623664
0.040192956806445516
0.037359209721171155
0.018064797140028954
0.6412978981891126
0.029926665529877994
0.9794348819845496
0.629061728772432
0.16596763304947085
0.04123910779649553
0.5924131123642988
0.003971745567489915
0.5591250778874411
0.6681800525957318
0.9703820673830773
0.175079209408878
0.6781597950025198
0.2960031878231113
0.14644610937922817
0.06514003923370781
0.3285908548100437
0.9458031862377788
0.1636144584123268
0.034587119685159484
0.7000080604908889
0.39893260117773294
0.16533562883412006
0.8645318153208067
0.7357997626849336
0.191082450810082
0.41500704742843936
0.08508833236966364
0.819920713961122
0.27082070991003476
0.9816855928894297
0.030935408909155936
0.18608773138493243
0.9301990142662167
0.9956796558097365
0.46704764011118277
0.8306600760100236
0.013097534310392955
0.9570295179056432
0.2011352010224065
0.8533709181022684
0.9109259909763401
0.5844706539452866
0.33927482537139286
0.7958681823472027
0.03617190719815655
0.30809813238160694
0.021954472985734996
0.1365902343388889
0.3303041437796521
0.7653211277860582
0.4261866420610336
0.03875587377452372
0.3900349666711831
0.9761472377743898
0.1613667703709757
0.2708792444987884
0.11869289464199317
0.09580259796870894
0.8466099774786208
0.7901462703951923
0.09878625409518138
0.4224749534231487
0.17636800734362343
0.6964756959881995
0.2084270208150064
0.046743030228120874
0.08819874031253971
0.08953754828527272
0.28465010691914083
0.2450738567362717
0.13166511395991431
0.4447465943331939
0.3341118975159427
0.5013077391178814
0.07817705958767232
0.5873981822735763
0.21483962097850196
0.6766905613814831
0.24851699070101552
0.19502947760685263
0.41901447043392603
0.9910242003638066
0.5124550071363423
0.22025937717587518
0.12377430229402053
0.651084725395856
0.3046838235408362
0.37601081959945426
0.08446394762284584
0.312302808203343
0.05371122138269853
0.9292073290774353
0.2604474803045143
0.4423097590534375
0.22046547544901518
0.106180898828598
0.4244244469278378
0.06717369037613419
0.5153459729759808
0.03853141049611703
0.57271945006783
0.0073902253660691475
0.7227683758692064
0.9711042065378223
0.738124583483492
0.5269805167010794
0.04282590526968377
0.14314517749294747
0.49580926300485545
0.584614471744976
0.0960431768936707
0.192119868694006
0.45305868613132505
0.50029618635417
0.9857912577630901
0.39818536468261884
0.6573268963246152
0.104388012624888
0.3982538338907604
0.6081477147861212
0.2672376249680295
0.19340322266561108
0.5770799017704433
0.2811396707131615
0.06163411032797561
0.5933070927766775
0.8958720778903271
0.29788410005128957
0.40241959742914446
0.9744282286939348
0.845780674582022
0.5751742720578762
0.5322417111899753
0.30360638146760804
0.11926188394898851
0.04514008912399935
0.039528265767307724
0.5538004766675453
0.25754999606107054
0.03776817969696267
0.8174724450726524
0.0900993020579528
0.06713276762500087
0.3304208382249656
0.7281835242751131
0.6112565770429386
0.10182615648457989
0.13099327267899308
0.742272677513018
0.12443525860073493
0.08346183729582224
0.19650359962553154
0.27646749979838403
0.034453662624287576
0.09425245093982637
0.19993640172703597
0.2844991696913761
0.25829728761996384
0.08977572039015588
0.7760311844841047
0.7894587355720784
0.8916765976544148
0.20102930234026162
0.33898873749222935
0.20759183095593622
0.5092448006532452
0.711201365599714
0.011877143967896853
0.05994103049918631
0.8197457879318608
0.11972200906887911
0.1858525663183095
0.30836105628166066
0.6228017819840237
0.6619089073391942
0.19583221133647155
0.013968835075094894
0.8771448724360511
0.47309027209349547
0.5655266424160249
0.43602536377292256
0.9827319588229244
0.49709919123446833
0.9330507850188714
0.209063282722816
0.8547193018909598
0.9417214914356753
0.5534919557332725
0.9184792716009722
0.9197467897446194
0.4109409227656778
0.7385444743560691
0.15937934296755998
0.1902117405753836
0.32046569666522773
0.22317748310194707
0.23393127960534388
0.21690468250244388
0.18011768321242627
0.7488521815661415
0.2388341209080264
0.11495322080349053
0.8484978148443052
0.643443390943729
0.31386979030143447
0.3664927901621314
0.43693415582884043
0.9825274685027896
0.5091131787379164
0.017580653482717645
0.036621165178733234
0.9976361926932761
0.9348057503201146
0.14903243375354847
0.09682831504335074
0.8520084632145626
0.3343141981381577
0.6480920562133553
0.15090204537651752
0.1568843467123214
0.02027588264287772
0.15968915479618764
0.6208941823019472
0.09854121286025852
0.06016627599138036
0.17326903181123998
0.04796160438754393
0.568818182877278
0.98944092656131
0.1784275973837976
0.5513796830386446
0.7481565560185568
0.015955636805840234
0.23217909702427805
0.4567789778189921
0.04846597933171001
0.8138823004326867
0.44250806916103436
0.9776190343309519
0.9959648421465181
0.09604455960867675
0.49579905155498594
0.8748579583759195
0.6473942273802776
0.15667312944502032
0.0174800379149909
0.09204569642469895
0.0426238216102918
0.47482470286157574
0.9776746685828206
0.03448634485301283
0.030668104225600734
0.7319826526364255
0.049552642167068006
0.4385603432501204
0.5595956400557291
0.33214545667736894
0.11531104096914016
0.022922080695932268
0.20169434654365626
0.8960974502062427
0.7302744942335797
0.7477086923132379
0.5360208321812132
0.20252725747316683
0.2508728791775594
0.53664321274974
0.3308303233209826
0.612582809164177
0.26892031278467043
0.783405331166436
0.7120027047537092
0.8746165108215929
0.31535070351433747
0.3477585770314675
0.11870483246098873
0.3015950330477347
0.20455181531554248
0.7018603300899411
0.06653430800231108
0.7855677899554372
0.20802035301193134
0.8972316903823203
0.993182799668823
0.4069965572984606
0.27523977629772667
0.6222882259188077
0.004236689307739461
0.05418625913970154
0.963215789327726
0.025627222070442438
0.7424648902572466
0.9002436937277922
0.9038103670441198
0.2605533701056803
0.0569579927971795
0.5153910103444758
0.3185351694621974
0.17890155420928738
0.20534045775074136
0.415575487661751
0.43990769672740493
0.21458057188582513
0.244530178876452
0.30262608420465714
0.061717519900344665
0.47562520051105733
0.02676437081301075
0.762924254045271
0.7995572822554761
0.048221725943243275
0.6144254095179427
0.33353640988945094
0.22112331250532902
0.20701221717096296
0.889226744869366
0.021511234015854013
0.41532035504554454
0.9394227236616703
0.49548492757177676
0.7160734118032734
0.6923540249020099
0.3031057530187158
0.5137474188866508
0.5171822548327041
0.05613095316302698
0.5940507432529603
0.956169675431614
0.7507441491262914
0.05258669283961679
0.437670364088943
0.8008236125896722
0.422662698740476
0.4331457043874374
0.7593613853281492
0.5054087335762039
0.7515994626125047
0.39521719912942765
0.8027403192403402
0.46132278492466644
0.711119103583105
0.030758002256986217
0.6017312363693523
0.7896509196771483
0.06544287741089144
0.3354153451657893
0.2635454839729974
0.21382769878250407
0.1626925928857086
0.8866924410281698
0.1386596513972117
0.45167217614238386
0.022968196139223407
0.4232983328621498
0.860105529618278
0.6550767882061187
0.5539524931582644
0.19521329318816005
0.3508678175397077
0.9558131042662175
0.3886166117477412
0.5117828989689066
0.12444982374677706
0.2319680829834004
0.5802982367807789
0.07331607472712731
0.05469606241111937
0.575932446080753
0.9106316691500296
0.717640573944573
0.8999331228311233
0.012160199579859254
0.5309062167193082
0.6859375194556612
0.8030774840158097
0.3082455917938045
0.30967780442204285
0.40476553996501696
0.38194839041902784
0.8772755310581799
0.5862829306876411
0.5189167490257626
0.5159865259729398
0.12998792541285686
0.05286528594002293
0.7044026009869104
0.3695488857843441
0.016835098572303586
0.9959349189400876
0.06726769784458977
0.5810902082771473
0.617833799387576
0.2841565496876907
0.9487772954963891
0.24429314602374555
0.5078614452697783
0.07427020258821762
0.8814024147981092
0.15674996517981699
0.783335744599832
0.9897316120801369
0.8850286871190383
0.6191428777116288
0.015329409584762033
0.3794908622216637
0.048856719241882146
0.9683537546600415
0.018883708321520087
0.5811320238915852
0.2643472067546735
0.010204680608777883
0.626926662966723
0.7436150437282308
0.28771049391547954
0.9968317728200338
0.6357450192926452
0.7419343443898624
0.4184812498963465
0.2545271409042611
0.8687189680736229
0.9986884582492226
0.2516491343303173
0.04764841699606148
0.20331739157246553
0.1533864417614863
0.591927692619157
0.973100635553446
0.4194590846428776
0.4529576324766721
0.18249874479844616
0.9236083634457937
0.2840588265293111
0.18520390998780178
0.5991367531098024
0.7231935285859583
0.4220120445348867
0.8835674260009356
0.20952466463912534
0.2680415475072193
0.8964775995901589
0.44040587116303304
0.7344338207561987
0.5402235117284634
0.8720875754950239
0.008797480552007686
0.03410277623598401
0.12777580368858765
0.15595009792909867
0.8633205171974083
0.7163684061534641
