0.08999843753428571
0.3134434894441941
0.004816092356506152
0.605817985810472
0.2897328101863515
0.3704264895354923
0.0001757837779323701
0.08798222042744484
0.0006810394606711068
0.1311612893557459
0.029441745778210217
0.7792207891980469
0.01144618433550959
0.48399550564020477
1.0124085902951663e-07
0.8080552299112862
0.008615806372324952
0.6878741752843425
0.020822787772591056
0.188480536834865
0.07342784009665715
0.38262575830380957
0.1769650987749345
4.57548066101765e-09
0.024828256144213245
0.8704995968885456
0.37267105774793136
0.617317269539892
0.3390468147007033
0.7501978869418938
0.870067894873142
0.8520293487530375
0.013732862067919127
0.8191777919605344
0.4276638750914159
7.37288221586141e-08
0.31892048880643653
0.6628863518890236
0.004036319897508813
0.5775955421080744
4.4932906381855986e-05
0.22861638503643592
0.6298582127239989
0.7104613638092696
0.3993244903837547
0.09471006870398835
0.14511963113830606
0.8266750618028992
0.21275434520085001
2.8657813983201663e-05
0.032449567649235345
0.8136342472637175
0.5348952015336688
0.6881799216795749
0.5963781335958042
0.015018215737302443
0.010355369051010976
0.6758089745233473
0.23188017395122248
0.35423189596228866
0.7179717181528233
0.3229688576326273
0.8120936395540916
0.9002230734125594
0.8738960334094479
0.03318523870834755
0.1720139908795788
0.3170013361506978
0.33893805499971563
0.15776715820903792
0.6262771274028994
0.01174777837993668
0.00824412425390908
0.20549446982158992
0.05130384678855249
0.2941925179693399
0.13805361722692258
0.39597607929740075
0.8637751567042592
0.6911411259639055
0.6746015870306248
0.03610444311753169
0.19138675317757192
0.08007865440401285
0.5534880717700081
0.6619948500711242
0.014312573555540942
0.07727782117261084
0.030772133825996084
0.0030233920825164518
0.7487377179887584
0.03387794088177909
0.7298213826114908
0.5832807419124416
0.8711061919358166
0.24323628458054958
0.535028091662079
0.002962045763884147
0.011228831105964732
0.3642678210366992
0.0007508223389947055
0.6039482075239486
0.5490895635790455
0.6680452362109515
