0.17978953252070212
0.4200827390071229
0.7363897069687223
0.3813957143308251
0.6505138152420575
0.03890201087505463
0.33694712085445433
0.4926956704859461
0.3793183553981194
0.46779442470832633
0.6235533134596751
0.6893660977737377
0.38673601528665924
0.5707066177806424
0.7161358075911854
0.41096145672286144
0.12686112104228778
0.7624985656873873
0.9230540945439372
0.8329953578484088
0.26979471641611313
0.4661682548553457
0.6381614077526522
0.5707844237847212
0.609239173512997
0.9238941922631905
0.9718890743863619
0.6147601787616401
0.5167992431631936
0.5379789667037472
0.3989938235025232
0.14072134093731925
0.6698560827984472
0.5468457816256658
0.44899292113985734
0.9469570468374374
0.5184546749947859
0.10899094661382036
0.03418946163328074
0.604440990725744
0.550506906820438
0.5745292473005481
0.9018658336881109
0.35516942340072954
0.29567677802802605
0.6375007934445232
0.45005972539629213
0.6769271053630745
0.6809302562765782
0.30896204142385275
0.8016225254190992
0.3133141906597274
0.6728899217478665
0.6437580641552074
0.23313877052585125
0.6485725397592124
0.6109154943646595
0.554564809611888
0.6477881865439457
0.21425739694468784
0.7541953631876315
0.351947261574261
0.08444659078434623
0.07685917820117605
0.5854047186632667
0.12187961910062528
0.24788870018615133
0.5682248134632187
0.5847149493647439
0.16510020773308764
0.3383278055881882
0.854474976794656
0.619156486799997
0.2755031292883152
0.1323487491588402
0.08323000380532386
0.18486613256635542
0.15117332475630996
0.9074613269054236
0.777812263522472
0.32183729714923603
0.04420347501482058
0.7772644999515882
0.3439046673621061
0.7003253430347143
0.7171678705263143
0.14325282489373603
0.14357399244159302
0.7628129007194546
0.030721958917822596
0.22573404511290587
0.5553966071569733
0.44855733261888187
0.33805887627506276
0.4553906373997937
0.5136877103566162
0.026937162106973136
0.8174263105663439
0.4052595531726258
0.7951331060233691
0.29345730632834544
0.4616335708520557
0.043796112173410465
0.19284337719245892
0.26086794245757994
0.09206645895398036
0.4929066315349153
0.3323070210389343
0.7186270757066807
0.9536154413481812
0.5875412215394413
0.3067163037442823
0.7856518456879429
0.1734720211406893
0.8182535046277101
0.911651873378504
0.05646659607272537
0.8976389622883127
0.8939381027462697
0.3497138072807453
0.10013876119983678
0.2951247386463937
0.04805048874122653
0.5417796919873974
0.48169488410039585
0.018914144440836722
0.22292809210939746
0.09588709848185466
0.5526280216236964
0.50869972516419
0.9691690121948521
0.13381220342383182
0.288277711238319
0.526088206238267
0.5909818928566573
0.0037961805094390844
0.7976358417525752
0.48051483638817843
0.925703473180421
0.05851334707306649
0.5358498234226239
0.23048961185995798
0.15628310030119424
0.7296883263441956
0.33245335045040914
0.40833678030077564
0.4005923204875758
0.3208674335665054
0.753418471139131
0.7731600440773292
0.9389314140805568
0.016385927354916684
0.45800461784644153
0.6878997708898654
0.6056922796728612
0.5578679989687825
0.20657080178067178
0.21561201463076143
0.6536517728016713
0.3659417370531331
0.5785098029133688
0.23265290641403236
0.3854933210852227
0.8721986004994075
0.9191443626881994
0.8096007240533853
0.6297341568022718
0.8935337250263068
0.21414252720292765
0.34935174305783323
0.526545690003986
0.8288930176726128
0.7740728066291798
0.6941681203721655
0.04322949507843599
0.9098798359589156
0.38517962389227206
0.0789387859316335
0.6168714324813951
0.15734113498627525
0.8329269132856417
0.06066799400780428
0.5255695566443155
0.7221835385925025
0.9003198413813874
0.6794052674291241
0.09679960744659466
0.6637677718738333
0.40228652622495176
0.92693207943532
0.3089068575306546
0.193869894448131
0.7789509509792383
0.08888838572999025
0.2113985701014177
0.6066844316938912
0.3013747033469847
0.2774637155753754
0.5102526843491786
0.6981847332492643
0.09674002205281762
0.02101006995955397
0.678279467647608
0.8713851660066405
0.1959713072606819
0.6776022699010372
0.9865918063507902
0.33282017935357705
0.04048565633625594
0.4252861537710668
0.2753457162964037
0.06301003417252132
0.7723080893158021
0.896307524269214
0.09822124274608379
0.9951476129991187
0.9026382204253407
0.3123522369231285
0.35781577953399224
0.17016386949239082
0.01840841291953277
0.4806237980653787
0.7992985793408396
0.6334489650935062
0.9246821716770754
0.9099669621074533
0.4546152740415598
0.4672018925578397
0.002434118906971821
0.2438807637076632
0.9209702815029543
0.45542290653835654
0.5013585641915578
0.8647685468134665
0.5035316428237562
0.44274285224810583
0.6120615341175863
0.6066302560265631
0.8646050565712424
0.152333673909397
0.364947759059576
0.930249896890202
0.32381528390122505
0.5669643724949419
0.9298608503939874
0.3210796260037079
0.3395754040995931
0.8216428278718233
0.6282210880217254
0.7370866569739345
0.5369904672960422
0.5328187826905346
0.325410620069708
0.4812441825958984
0.2614867466093951
0.16417166583498743
0.8643732672686608
0.8101046310136503
0.6759082288803725
0.3533865349154286
0.4975240488172092
0.3606210234411043
0.42053389392332874
0.9292768374206697
0.20615619960478088
0.6728287607389958
0.9196485955950935
0.4330424037318909
0.9835915996579971
0.402537349529297
0.20852984373667027
0.020514237284702697
0.44446755599457305
0.9326378133718065
0.24968797924100966
0.6522338642954988
0.4905610487622809
0.4418540153638202
0.9721727237004064
0.5440975498932781
0.90153942089713
0.2677990819831591
0.5312624474052099
0.08277800743169328
0.2797662330009483
0.09542983642387723
0.6098155049424552
0.24179198834932625
0.5136699641458851
0.1394596603912461
0.020828816203269204
0.6158379815362857
0.9613517871783828
0.6526943856663024
0.08697058776626765
0.7322682063980399
0.7166549351912879
0.5920232774146468
0.19834566018021849
0.9533904198628265
0.1617440200322795
0.7772392951681795
0.7479211265503025
0.598629024223575
0.5302018040558705
0.7709544481288872
0.7299028927131048
0.8271568766539886
0.10546889721273733
0.41435480390293905
0.8332008614985067
0.02987256539034666
0.9516881242647026
0.12630154553382453
0.41652209375327953
0.23777581431330685
0.8125960857380321
0.9949853098551239
0.9883860255474494
0.0508328974766713
0.019031950266907183
0.5913621306892813
0.7881922530744099
0.606938210931536
0.2634136146625683
0.367239569290543
0.495308380217655
0.37272060726438955
0.3965821811318027
0.5938076846762217
0.03135265790381481
0.7664220293882982
0.5252681978755434
0.13170788852863846
0.8326737367217408
0.5575338280554454
0.14531687527717896
0.6859658966544081
0.9763388820364919
0.24873530492218796
0.42998142323744726
0.9232079655184132
0.700478261129626
0.1966246387619479
0.08099221137980583
0.9431137713532127
0.8179304600912891
0.7935808050958868
0.6006106876205095
0.27314982356837725
0.4734843949504731
0.21961300082687457
0.5436978908738835
0.4466835132317306
0.4574789039330634
0.20680924057124783
0.26572676167176223
0.5590309896213381
0.4687029511435029
0.10252758660042854
0.6867498387991282
0.6133392374682768
0.12618302439164086
0.38956627993670995
0.9035543908237839
0.5109458884768575
0.5160008451551621
0.15248510304137716
0.579561929588085
0.60033452636825
0.4812196778711398
0.22825580028552434
0.8881113839125583
0.07260621278684296
0.47144253950067616
0.1785461077003175
0.39714907717211356
0.9290109100563908
0.3851002885303707
0.7462552117160202
0.5356176676750444
0.38563774603106693
0.5614257659329832
0.883125614214771
0.5889743512738748
0.37290347636944843
0.5208981008529066
0.2894331302966111
0.843733410289953
0.8572984885742359
0.19598579722061715
0.525888183736086
0.6322064745428351
0.4462920880563943
0.24598205598480047
0.1540170674780248
0.20408504427520868
0.11282736228838752
0.36502516421524583
0.4178705224093506
0.4814485335676693
0.8336265322566667
0.15838942827256647
0.675792636709267
0.07255272304247828
0.7792971374040183
0.914291233462055
0.526569098428852
0.5593189110955405
0.7357640668237573
0.9152165450952603
0.37889495623750385
0.6739637955312026
0.08925408128022017
0.3651308267827704
0.6665999225795574
0.6277739038736543
0.545259802191407
0.20118503758665085
0.22552944733840627
0.5994642399329766
0.6107581615715159
0.5043617180456501
0.32251295300914706
0.9432121640926938
0.46103371724522946
0.4885000323172006
0.6818876637342566
0.13350328871257858
0.922453286143135
0.6297504064018435
0.8365066624443898
0.09438401897495657
0.14394990046360334
0.22240936482898688
0.5311990573074657
0.9803204619306243
0.5969739028952334
0.8219766762244154
0.20426706370249703
0.7894102451895932
0.38496559067196723
0.3629819029529595
0.7707191710477198
0.4539824436116306
0.41193652941894476
0.20390700461027533
0.20651600576290519
0.38628263278842145
0.2934072172969764
0.5665192789200446
0.8248704766114463
0.3782589748396963
0.7696125717978141
0.8033385807743226
0.7865511537303721
0.5392955499134413
0.8609413361014376
0.07084560542215082
0.8285413854280627
0.07085152122899262
0.5141936043443399
0.14564142998578644
0.4429555284187492
0.7768076424694494
0.35274998425552573
0.3040862802553948
0.03139609547939193
0.0450540436750008
0.6053178774001524
0.04763949266309713
0.39982558975098115
0.21518039862143204
0.19865982798476867
0.8309449475638075
0.6082188339054421
0.3771723710844217
0.6834025157436328
0.11288742784435835
0.33385212530071995
0.36307947113616984
0.36397385363386037
0.2683318762727187
0.6433189524207719
0.32551259088025053
0.44281017974040204
0.2082158949812265
0.061454846565984766
0.6332133679614842
0.28847264417901486
0.33447404051826324
0.13357045586506233
0.21205441127111224
0.8106897213999201
0.7696627541928138
0.23063803068646527
0.5981006364145123
