1.843170479672314e-16
8.323938954033216e-10
2.0416311094517173e-08
5.856295667047485e-07
9.30207926759427e-09
2.2583066367147407e-09
6.58514610643671e-09
1.4666189653691244e-08
4.781890297900549e-05
1.3183059561930806e-05
4.8824334975925665e-09
3.964722828277445e-14
3.45395611003531e-09
2.436698117127698e-10
7.343438368676634e-07
1.2394321254949911e-07
7.766258630178943e-07
9.344029133524089e-07
0.00011917695328381442
1.9390829443857364e-08
7.106094340545157e-08
3.633876502239182e-05
0.0004475111851727889
1.5742207958015998e-06
1.350740547767507e-06
9.975094851196724e-08
4.33237952292852e-08
8.761507800053686e-06
4.441568671967683e-06
2.8764742755498255e-07
0.00029852243115271744
3.013617196404234e-07
1.524311612005477e-11
2.1667952692975603e-05
0.00014449986502995712
6.687030583651914e-05
4.195516456608613e-06
0.00010699884932609522
2.209230542217139e-07
6.100111669975997e-08
2.4583755386238413e-08
3.7474951685073896e-07
1.6864463148337158e-08
8.692547995400109e-10
6.025260880454934e-13
1.8772670154312163e-05
5.654748002042206e-07
1.961425722530534e-07
1.150469842487176e-06
5.996826272337056e-06
1.1139966261435578e-09
1.174518242134079e-05
2.5417122803310583e-13
8.107540288447339e-11
2.2146155911904048e-05
0.0002500063662913013
7.370248964327678e-06
1.8478041380962466e-08
1.5855933083425154e-11
1.677721142928218e-07
1.8427320581550875e-06
5.134296788421592e-07
2.0380013936614882e-08
4.6762043277981055e-08
2.953920972912926e-07
3.3152738516677194e-07
1.8471551866431182e-10
4.68051958064843e-07
1.4751789716834664e-05
9.504669795839483e-08
7.044183140772665e-08
1.004989982610196e-06
0.0001869804992399754
8.884032890700199e-06
4.860685106554355e-06
4.550599936861154e-06
3.31586678136133e-08
1.7983040027267741e-07
1.2028246062854926e-09
1.0855796063929962e-05
2.690623137106744e-09
3.978338333704209e-06
3.550603150853604e-07
1.812053331119592e-10
1.5653911700764706e-10
6.130480407083424e-10
0.00013516665280740434
1.9886678385466663e-05
3.42330375160581e-08
2.3144997440248278e-10
2.434332036306258e-09
2.7474946933364488e-06
4.9615709088789106e-08
3.538274367625721e-06
8.565287470284666e-06
2.307323196310877e-08
3.961047765795084e-09
8.334408984358031e-07
4.079949300567731e-07
4.0073655171002215e-07
7.713713332109306e-10
3.451633085648881e-08
9.006285667318363e-12
3.6141869234692676e-11
8.233044730031744e-09
1.7757962331708528e-08
2.3419770267353815e-07
9.64938975052663e-07
1.9175807707164175e-06
2.7064732922697923e-10
9.310990010222453e-08
1.6161369858217545e-11
9.988185684677078e-07
1.400286262568424e-08
5.900575339647494e-08
4.024844624904811e-12
4.324236344832804e-06
7.92024116018633e-09
4.898878658135019e-07
4.575615949235056e-06
1.2916166424784184e-07
7.809738803246131e-10
1.9511532031579473e-06
3.735901558185139e-06
6.2047369603125795e-09
8.095372835550671e-05
6.52408826014536e-08
8.313311488424776e-08
3.502140498204577e-05
2.3374323179961724e-08
3.3702044020408426e-10
2.688321333937419e-05
0.00015716620777030148
2.000460945476431e-06
1.1933593029131984e-07
7.180268066660594e-06
6.530754121075721e-08
3.908050842041356e-09
3.823653990657937e-05
4.234451820920245e-07
2.0016342676473454e-07
3.796081308662332e-05
2.2576305754996756e-07
2.0863758217673884e-07
2.034194807291589e-10
2.2148990136228854e-09
2.6671055662765544e-08
3.785932226832459e-08
1.2251079061008066e-08
2.776352749339649e-05
1.6938273626807224e-07
4.829494834055395e-06
4.3556015371371233e-13
5.683081124616373e-07
1.0243681643505346e-05
6.012417849918118e-05
8.667813896602273e-09
2.0542355494985832e-08
2.4014292945673557e-10
1.0466988175678614e-07
1.1456315552506988e-06
9.700269629155755e-05
2.5672574960587767e-12
9.972663168635814e-14
7.558980118910995e-09
6.920283302308043e-05
2.4571422120147166e-07
2.248538649285231e-12
4.062099877782417e-05
7.191137283007779e-05
2.4739270213627506e-09
4.4006538146563764e-07
4.234957677240343e-12
1.1386994166826881e-07
2.86102979781617e-09
1.2093344944243803e-08
7.374995931925006e-05
2.6227388383990215e-06
1.1480370393401337e-07
5.160493664329303e-07
8.705501571269135e-10
2.100172881373379e-09
1.2512902798736298e-08
5.2169133983902223e-08
7.008571061563943e-05
0.00032704876681434903
2.0315774566412478e-11
2.232051814792866e-06
4.362133548907487e-10
4.2953296890034475e-11
1.6170832680951598e-07
2.4474747484507684e-07
2.9728080736129703e-06
4.883448112119408e-08
1.2082185784411481e-11
8.565045444032647e-06
0.0001317184890530239
2.0739048723586485e-09
1.0467955092373898e-07
9.036759263664304e-07
1.999593086266617e-05
3.2238952600719326e-07
2.7695836811345045e-07
8.469919726313614e-06
6.336261454631503e-05
7.603464235530041e-08
2.847022540453513e-07
1.7627839959773511e-07
4.11885182986325e-09
6.929006959283287e-09
5.641609108833141e-07
7.898351892545103e-06
3.76745475962984e-08
1.1978121026273743e-06
8.373801951382107e-14
5.469463480664039e-06
3.2800758913505885e-07
9.340074427739293e-08
1.095271703621723e-06
3.5894039596464947e-09
2.4249221290575457e-06
1.1984529609227918e-08
2.174542701031165e-07
3.4843053020176847e-09
2.30614438373289e-05
1.4465432162534128e-11
3.461867432070452e-12
6.289158065851754e-09
5.535182213036891e-08
2.7121005124065238e-05
2.91857334588817e-06
7.780973300943872e-06
1.3541076948488044e-06
6.9407701234500166e-06
3.871353838536272e-07
6.785436593356188e-07
1.626982645639908e-07
3.5942479114502506e-11
9.135481445086417e-07
3.5903936538675955e-05
0.0002907306383468878
1.4702445187989465e-10
7.4303948235305475e-09
5.671515508237159e-10
5.108026562119609e-08
4.366473772732798e-07
3.479889633770139e-05
8.373630366379006e-09
3.3600271808868477e-15
2.1689876606611397e-06
6.7590373462107185e-09
3.4587826212490004e-06
7.308688007710452e-09
8.794360276315354e-09
2.879536579520799e-08
8.232822823255831e-07
1.1954401896858057e-05
1.7521994925909247e-06
2.0561141904645534e-09
1.8278011127530477e-11
1.9380641004618163e-05
1.063970344258164e-06
2.6791991557239693e-06
6.634297908150304e-07
5.991988164793614e-06
2.792603298279196e-05
1.0480653150187082e-05
4.437572384959814e-08
2.9094342000802598e-06
1.1119538258366183e-06
7.966403757169956e-08
2.232649066178396e-07
8.157838434720562e-06
4.064902708313946e-06
2.079351147041536e-11
8.171600477998007e-09
3.209301589029455e-06
3.0217347620225794e-07
6.868399926210129e-11
2.3563894529015752e-08
1.0449736809477953e-06
2.175159835351102e-07
9.452760057133696e-11
4.846407677035474e-07
2.48522130698177e-07
9.359166067971269e-09
1.0126213542178038e-09
1.1037305822351834e-05
2.9960995873980355e-06
6.319869317147738e-05
2.5490957977058932e-14
4.511512627091607e-08
1.7897784234573882e-06
5.902747990416634e-09
3.058604509801939e-10
3.7009840352513966e-05
3.394792514911831e-09
6.530921642502338e-10
4.093852741696018e-05
1.2719852575949375e-05
1.4506536416273318e-05
1.5065897313896218e-05
1.3704364929093809e-08
3.272326928267187e-05
1.94959753741757e-06
2.0695172337849222e-13
4.663335101894881e-08
1.6166817800416772e-07
6.33376245929193e-07
7.133001120119185e-06
1.418436132512728e-05
4.4169609142784725e-07
2.5676450417083507e-11
1.2191394116470719e-08
6.860421096661104e-05
1.377934903569214e-07
4.1010553704177364e-06
8.565754029297793e-07
1.1591060312156256e-06
5.943198877495078e-08
3.9522002116052273e-07
2.580442479749728e-07
1.2921675590981896e-05
1.9276885995324303e-08
0.00011806968133631697
1.2716181561623542e-11
9.70934340668945e-09
1.1080666141138997e-07
7.571794807816469e-09
3.270886219761397e-07
7.427647612953649e-08
1.9533956107690574e-07
6.2712028329976565e-12
1.3112503373268895e-05
2.6861400362676387e-06
8.986867624422911e-08
1.0661169280812792e-05
8.466879059448002e-08
1.7800653419564382e-05
2.791072466064372e-10
1.518899128624635e-06
5.313984213831896e-09
3.6271188161205366e-08
6.028672936172155e-08
2.0619918787115486e-06
5.545294177945066e-05
2.8098517542946606e-10
5.992386839723481e-07
6.889699912623297e-07
3.5329895662454564e-08
2.483191282557085e-08
8.256921749781246e-07
9.657416372410488e-11
6.093201623322588e-07
8.597495599730272e-07
4.929730515131944e-07
0.0007984834973814962
0.00022662688454854632
1.0236669690690958e-06
1.0882851873725034e-09
1.1765834153917548e-06
4.7464382963712096e-07
4.035739729275582e-08
3.7381348346689586e-07
5.929435961075658e-09
3.5189134625707683e-06
2.855590714503182e-05
6.362480904378938e-11
4.7147207585390983e-07
1.0596855631388392e-05
5.966687636520705e-05
3.656320639389464e-09
1.626639887179759e-06
2.6033874627780655e-05
1.1853872175178287e-07
1.1369465292808605e-05
4.1033613145086564e-06
4.130399626969266e-05
1.662730223452068e-05
3.54037836709247e-08
2.582852097005943e-07
5.04958761686056e-06
5.05019026320777e-06
3.97032318171243e-08
1.7767162825584963e-05
1.710060076055896e-06
7.08554438543008e-10
2.7823858968816317e-11
4.429827663689171e-06
5.959752335911756e-10
6.2340130380666674e-06
4.836519973187842e-07
8.265989337903689e-07
1.378885277458121e-07
3.6424925669631093e-06
2.0851563267045332e-05
4.865920478133494e-06
1.4515305155139262e-07
5.932065678776935e-08
3.571726961196497e-07
1.723085827891723e-08
3.081258178829209e-05
9.782402512841542e-07
2.4293697270970035e-09
9.596776847493759e-06
2.2506306539925704e-09
1.167033804791751e-05
3.6025010203175236e-06
7.753821507706267e-05
1.653993184731476e-07
4.987838023213461e-05
1.5523731153835497e-07
1.0215339184051844e-09
4.288984315425935e-09
1.2259706807198248e-06
1.8206382663986748e-06
9.11227938053949e-10
6.7084017254618636e-09
1.4111089182342132e-05
1.1745403821053601e-08
1.2527510946216628e-07
3.470485919164484e-07
1.494775282259578e-05
7.32946086162622e-08
8.391238921879095e-08
8.95097645277687e-12
5.912936435590391e-08
1.2160474640160468e-10
3.708834497365513e-10
8.89062448023726e-05
2.195827598867161e-08
1.0378893882771095e-06
7.161082129486092e-08
2.4667361311389446e-09
6.216843239526941e-06
7.477671570377715e-09
8.407124675261646e-05
2.004628216658962e-09
4.05659955207174e-07
2.8363812485728287e-06
6.383257735547997e-07
4.45762891006654e-06
3.093123312348829e-11
4.107177801897774e-05
1.60757782330175e-05
2.369190837577519e-07
8.231068811163693e-14
0.000124019503600843
5.705155780630952e-07
2.3910861081760026e-05
1.599054193412481e-05
2.594986886367261e-07
1.4923968343089203e-07
2.36179987159926e-08
1.588184292787582e-08
5.534732043638304e-06
7.689461981571119e-08
6.020376090647593e-07
2.8622982858892392e-05
2.189537426339785e-09
6.080756236404865e-09
5.8398589958162415e-09
1.5401607142628101e-12
1.136594339740466e-05
1.1020714380948057e-07
1.7414945350647957e-07
1.2623479225043602e-06
5.40277907953875e-08
5.016608479418811e-10
5.640396097489084e-09
3.402802180858354e-06
9.094525171897514e-07
5.605570426655038e-06
3.061693816021914e-07
1.1953130863682017e-07
1.3197410545241682e-12
