0.00862199662426355
0.8909929804440667
0.8805730836926488
0.07967235947076398
0.886380974173079
0.913180091179485
0.969307965047238
0.4490481620997768
0.3038363989185855
0.9877776142830208
0.3671415674828815
0.18710493605216158
0.6209566481349122
0.8335987586256621
0.6709475430805638
0.57856020289427
0.014811257410531914
0.8852897817837049
0.2320649317183987
0.6899447465146921
0.682792585488267
0.7573390850986605
0.23399070900936048
0.9086379202196441
0.12234945147983023
0.09053707942282019
0.4260712228283645
0.014688407779308577
0.8597205229698257
0.6366148943432182
0.5028517737896916
0.07899540989771792
0.029301539863909598
0.16177521956894525
0.6958571512998353
0.7249063126888546
0.534078514618449
0.8648487584294475
0.22358118102476587
0.286071525118026
0.5543601323097049
0.3424974599767483
0.9936083966139793
0.21693104417795928
0.8929429320690454
0.7719952024650949
0.41881882967728357
0.2275792559675557
0.3694328910541706
0.9571147191921952
0.6573667601582666
0.5868448036407352
0.2947057419017507
0.04674246204720611
0.48128286022078326
0.2035233275633448
0.5804352451961001
0.55416848734538
0.44694997667608805
0.02370017758325127
0.14499827770446383
0.3503022343047837
0.4142491965505122
0.44463387158205353
0.7942440815911087
0.21227559047187006
0.7656304702638552
0.4108999544121841
0.09303893297834975
0.4129783521846558
0.14286609661796446
0.9842923536103253
0.1007689668385574
0.40176114356017045
0.28812071740236467
0.014138708150345236
0.5755057932246574
0.7911243026244544
0.001679600432863193
0.9613769208555566
0.35505600632950257
0.060803795003759674
0.27970750332975447
0.12123921116411052
0.3715596304876161
0.011653380271482217
0.8770073517154618
0.49487729617743437
0.08591099532744273
0.08984780852801388
0.34395924521320254
0.19862339096969928
0.23883005134059343
0.01233975756833261
0.6662268283791982
0.44057324916834006
0.7263930395751741
0.011892411279565973
0.8869911045827257
0.795030535802379
0.07114635424953497
0.7216204186080313
0.06936166731469373
0.8920299929905637
0.39243156015772385
0.6065894894227764
0.31728330232218743
0.0646240444530859
0.20581916448824966
0.1339200815700827
0.9393585797716931
0.5206049491379539
0.19240599073745712
0.22523689509987443
0.5455083269940652
0.5673618099359028
0.7063836689278707
0.2978221068038578
0.3616840782715671
0.8323762173688092
0.023704326358896965
0.9123146410615519
0.6944988532051704
0.8345298229505567
0.8284404686047024
0.6295488537102362
0.009866924491945595
0.8670636292599483
0.7534072903179763
0.9578847628154499
0.9878730306018542
0.7736686716110961
0.0831998933822935
0.4874653805739442
0.3171505349292989
0.40640954263451556
0.812775173308872
0.9166002104967657
0.6436586723515247
0.47619648143708115
0.3120859810970784
0.7099435760608731
0.06358104481273541
0.40328591725185814
0.8556356528325126
0.010329919594787906
0.8165132072219441
0.5415700365420892
0.1267780680183132
0.4059338101558323
0.914556264724327
0.27556850025474544
0.2495066806132333
0.8388552530921638
0.13422145659777318
0.597217794119007
0.8751736893104116
0.48689443396914434
0.7068256637759613
0.2962947090561454
0.7569242083487144
0.3337385342705095
0.5928650429279693
0.6327939939037832
0.47569619195241497
0.7038026746291913
0.8580189616540419
0.3118330239558502
0.23481709869780465
0.6383746629165461
0.4341883324735041
0.3585753012946644
0.6547248034129873
0.4409815898026359
0.9605514254150442
0.7156925856150969
0.16101994624878155
0.9670190371020511
0.5820687337790018
0.33148174494631
0.39042836017233956
0.10716071546583035
0.6996121508594983
0.9934360892283303
0.055569591667174345
0.13993032495835678
0.6537020246250103
0.18953782518213447
0.022557624149045052
0.5052037580314317
0.8277727530134846
0.47094720247493194
0.3560372105395724
0.19722684007746927
0.44156083265701235
0.4635564990932337
0.10871383461621043
0.7258913118345494
0.4507373024512331
0.33173205435532116
0.7726902536853901
0.8960001026924438
0.9090811985830293
0.0018766120054867137
0.6234862997344872
0.050714659687292156
0.5613998713086608
0.3187226577046887
0.5971297028400733
0.6279729783591164
0.5742032902398304
0.3683049095509669
0.9475214805791629
0.8746674812362282
0.16338872880786703
0.022952489243641017
0.06055527388361126
0.9060283974972294
0.5360953181252818
0.9689299753866844
0.42648062855096686
0.9710278268457584
0.35590669469662345
0.8117147828714373
0.2236465904047884
0.4002708745998875
0.00672089171596868
0.36271591646113144
0.7428722064629284
0.762961090353905
0.08703832636163944
0.4969035139431417
0.27776330651666137
0.8795542095605573
0.5919582721548302
0.5392702950954527
0.014391780318416147
0.2820581297508835
0.9447981503052159
0.14772170615015834
0.1438481157203666
0.42339211651740016
0.18210034161471977
0.6485669430731704
0.6774663460549009
0.0792962793758678
0.26715491649053574
0.8546041184752133
0.70322680227326
0.3528745792756828
0.07555759813096596
0.775823381749177
0.195658218088141
0.4652212486827722
0.052613559019251764
0.3123861347388937
0.8770950500399146
0.3619609167320301
0.48975318070598184
0.7858947708394783
0.9010885759816127
0.16917744555264336
0.7883601487797278
0.24805392767367151
0.20947821078217221
0.19022813057482768
0.085051177565333
0.6341818567027397
0.5979101637208337
0.6111884934342706
0.6008000017804425
0.12451065658064797
0.141419899729196
0.4429153413016358
0.6532204125151062
0.917965375969007
0.09900638700851028
0.8949676469559734
0.9620962049995825
0.9651668754355235
0.05569234924029143
0.895308125884918
0.5783714322454254
0.7214708331065934
0.46284184883069046
0.4859839752775317
0.1418446047331156
0.024680141719550575
0.47911357166480784
0.36714695674962505
0.9011842669552337
0.22159826699306556
0.6293980472761719
0.2446950430399566
0.1936313103220091
0.946420411395564
0.5775758284515007
0.04110795209582219
0.618290636479659
0.7447424036335915
0.6558960229013917
0.6089105009542579
0.08683237019757795
0.029728084793077123
0.5305393235116045
0.9650225709489048
0.8225456609280759
0.8525852471320658
0.6950349032721062
0.5126583843544978
0.7054954676003551
0.9522956114864944
0.19123263585000339
0.9456333171859754
0.12207645927873467
0.42281488584946847
0.7148498799658816
0.6702917500455678
0.627578262038953
0.27249187657569096
0.428526544322109
0.9250777963400556
0.08377508495209654
0.5740727851100655
0.08861799494987399
0.8464902015417376
0.5738268405821441
0.234494657269799
0.9555989920926531
0.0492639308966103
0.6649732810048639
0.900918740764535
0.9085662211222199
0.7700751639573103
0.17536727542031527
0.3746408564838167
0.39285424000782054
0.728226764624798
0.03083809798334603
0.8898773673116545
0.5730415677093386
0.5801374471087878
0.19592335778694814
0.48564527426073273
0.07323877388961253
0.40020694944248536
0.5457547285099127
0.4072092501075014
0.660399972274077
0.6099140045512913
0.06050614855799297
0.9245949074012803
0.34735712472821856
0.260878824496217
0.5626982475013681
0.04038661434718631
0.6543620619277626
0.6213853277909895
0.46863821279465734
0.15778620876443217
0.68700025909267
0.41115115633899646
0.2579800103867067
0.7952521298980613
0.12154520571968326
0.539017752566688
0.9816903582786456
0.681128118958044
0.4643735829027716
0.06087223678682886
0.6162273600614054
0.9525241196287693
0.9517844196292646
0.6873996429605636
0.003303213832211549
0.388668963292017
0.4771311844354744
0.06524470695832107
0.7951093789906593
0.06568757443420847
0.599264663885128
0.06668876649482486
0.7190972066049492
0.4088199118525529
0.5238049084036839
0.6655185380834283
0.53459867071877
0.8173302270462062
0.5050913257952254
0.46215248150167865
0.6312046060062679
0.701011111954555
0.7295684441964321
0.060409647145962884
0.8074352308226468
0.15741135454898428
0.27663888154816635
0.1743258158448895
0.6834095213939451
0.6572925772366665
0.3219216848078761
0.776640822633619
0.448647097172878
0.4161839800393985
0.006915577775664428
0.9116699915552056
0.020731134195578926
0.6486085715260419
0.04110390597641067
0.775837410612646
0.31578849486431454
0.4823604367469254
0.14666644746657087
0.14344467994218602
0.8410300799533263
0.006403235761850645
0.13967382535886563
0.7599297804749052
0.47562778294540164
0.49841866169683136
0.1450584067788041
0.555305657644159
0.9237839621220032
0.6718812774505305
0.2719598304453077
0.8912916741716288
0.18605908279376648
0.24850574218411114
0.2535253147090325
0.21562059279237866
0.9218912404284717
0.6781867345163302
0.8927418809587142
0.721125145961744
0.28427939154343557
0.6973707547615549
0.7258371982676212
0.011478787032175974
0.6620799164561952
0.11895975150548055
0.8444499654839155
0.9953594789655855
0.3803505446385971
0.813813846768031
0.8692226677815704
0.032744536259472046
0.29234859842358407
0.05167392815658678
0.1346737601520016
0.7997630133025095
0.3049189911574712
0.2653873530119454
0.8019795179213234
0.15209329702306024
0.8196052450478388
0.7421860594997443
0.5513826231384933
0.9231485179662332
0.5767905123616199
0.8142999977416635
0.13727673348938296
0.7377465330766797
0.7614902612887455
0.3230290421464881
0.5616380386605921
0.11006651407458534
0.11548590053043517
0.12923434614253226
0.01378959087226227
0.16546737620769322
0.7087525663071577
0.17726963360621073
0.7994411152029928
0.29779114532167417
0.19071475931019544
0.3127651412747172
0.22515404622711532
0.4783550733174392
0.42279145915716376
0.9728348661954587
