0.652054827873128
0.9592664329262595
0.25416590376648607
0.3284300219138956
0.8199086696679101
0.7442080627791512
0.7067181610538168
0.40719026970997696
0.23608548884173497
0.2738915607217036
0.5099456112387788
0.3745027431748773
0.44318694072551845
0.3937161545772956
0.5616058371366066
0.6538933333580967
0.2874369771720807
0.11600289403559914
0.5726595192766906
0.3972935156957089
0.6901497753248206
0.05739205784367097
0.5757075432932318
0.8310073762919509
0.5430448610914972
0.033956564034932635
0.25123753918867214
0.21276853814466112
0.2206025202551119
0.7653315976220225
0.36915682921013704
0.7377924241682632
0.3201798194043697
0.651432178338094
0.6855897778736668
0.8549177089297706
0.15904797863739817
0.3370412560846888
0.10906829680872221
0.39131930571308327
0.5635870905133836
0.5658282446135793
0.7018842055688915
0.11601545247903844
0.3800295929030766
0.07440070587400717
0.8540119767017325
0.5915087579067274
0.7411066082833775
0.5892953015362048
0.6816271370984388
0.44430131625641595
0.020616011106362374
0.8078844982018238
0.10148018943604065
0.7619510292969832
0.9534115069873144
0.04985975568220388
0.3710945036613915
0.7486513682471057
0.5312837658483633
0.8557158583232738
0.11805207697256456
0.08235754116101246
0.4496665071149579
0.01330577649293653
0.9661215763837298
0.8418215067681166
0.3607241227209326
0.21974834692559125
0.3979461884112826
0.9742303916939932
0.08433753802132711
0.9473022821927646
0.5863993917253896
0.0713961908970781
0.6667176247923586
0.2505854157600407
0.5526532463968907
0.880321925693039
0.49054536103988866
0.09994164155087515
0.13259757929974697
0.7994562727741497
0.5040861412717366
0.3029514421647285
0.7848819466990096
0.23896501132380416
0.3781614245818008
0.05372785390984583
0.7896913320016543
0.06178111627179894
0.41742519451383586
0.9086299781042022
0.034044786940396365
0.8961515935376827
0.8304536088311072
0.7293632191534465
0.7974612018460804
0.6953459247851906
0.7139963025292007
0.049393265361485694
0.9511992682679478
0.4311790178592091
0.16935095678165224
0.5986142552618754
0.17626783197475637
0.01533298375104386
0.20047917028632173
0.43647717447544543
0.9326408883937334
0.7787694147457671
0.2749790496423092
0.9089152629277213
0.1650656819971914
0.44797516525474057
0.05535337985228029
0.877300118669999
0.7575207715694987
0.18607106230231407
0.8440454215067578
0.31193199501224655
0.43600483137125984
0.19216135261911432
0.7536855770739788
0.9096415002852157
0.35112485648634345
0.998722918563919
0.692437243239228
0.9938159934140635
0.5816654039490153
0.7055368180182564
0.5009829289915007
0.1237383862997416
0.5187248023285728
0.07805142730728375
0.7067712695744078
0.5713082035299147
0.9698476390655723
0.3773310067221065
0.8111081911000533
0.8584272077774247
0.4992677742350775
0.5434485192833469
0.5511096594293237
0.5573313064289163
0.7085114535063981
0.43429016200805615
0.7689686355429313
0.8711482883772931
0.5409154399974554
0.08194773071139663
0.43176607437460346
0.34747805940312637
0.5002674369496851
0.707707981539055
0.32338426457386626
0.5414803235355973
0.779703114868981
0.08270860406125347
0.4060700616212396
0.33249309586916664
0.5755619537580074
0.09805767789850339
0.960676965076676
0.35060025067265066
0.1285956685948706
0.7228448137047137
0.37011118477005633
0.7485573201820723
0.8293243821798999
0.6657024758979073
0.43014183298138287
0.519282736494203
0.6651862559181021
0.18948099553857367
0.6847082463642222
0.7757942483529618
0.45605535957413373
0.2195676444809569
0.5408079567202626
0.25510263586046233
0.9140344499919122
0.5019863455809291
0.6957924156614099
0.563114981232075
0.4871819381945114
0.7254532499641941
0.4040816459452
0.7912238271937837
0.11482084594420416
0.5405187180231685
0.027492519053685566
0.6114091216823178
0.7930078822372455
0.0008690384264959938
0.30409592771086147
0.6422550206957648
0.026428263956077336
0.015687390055667463
0.2983648275207983
0.45194212449955296
0.24070075615469388
0.02383958352596038
0.3082922549194378
0.9725376983497737
0.5844531070430609
0.6808690563243157
0.9578722503640937
0.5187691951270939
0.6263598759871186
0.19389804211123596
0.45012265990033473
0.898976675785331
0.00838940083054096
0.940408441781791
0.9650991180142996
0.05405064802141816
0.9262303491092491
0.6310612371844005
0.9021371123399027
0.8126206580391898
0.6228510090192023
0.19377324633758122
0.028449679544492533
0.26141205736184325
0.45433703090791555
0.605450192127406
0.5302271155142931
0.5693615586385825
0.19516691868928082
0.6591157897446025
0.08081921508558809
0.9448398666506476
0.9000290888386011
0.4292129320804738
0.8912129860923759
0.5573852642546854
0.018979298977222836
0.9495998951656359
0.8558747834538618
0.950259325313639
0.7477322712609236
0.24238221832096804
0.8355826196143359
0.03275714373933534
0.5519010815164044
0.055387016112704135
0.04656683230907612
0.6850149320287953
0.6105413196691635
0.3806955754525294
0.0020310572526869297
0.09898126041172439
0.16358233636869324
0.5019970077811768
0.5310812474772884
0.3079394251056785
0.8869164131632582
0.7906868733256555
0.2747185015673683
0.5255112258600999
0.18225133851283304
0.30918561532958644
0.38448218371562565
0.8833599221967455
0.06600277014545841
0.4904115069357038
0.10469986266337261
0.9000197132589765
0.9256840108360664
0.7002450006498543
0.7578987557204117
0.8507450042522392
0.6044208748209421
0.7266339164359974
0.46911336300130246
0.6092817437813403
0.1356877795505993
0.4673036335301701
0.7569558153442715
0.8415283198294479
0.804537792966199
0.3186032460234689
0.18248436055078288
0.8570555858003182
0.4507246044612729
0.826592623055558
0.9451852110158263
0.21619261685225055
0.8622687663201212
0.1938207470964901
0.3720893270977111
0.8501717204596708
0.5083841337358149
0.21547436501612613
0.9730498513693987
0.8186236130993622
0.522831188585345
0.8523083946862915
0.9517052456697148
0.9805005989033155
0.11288864884935523
0.41634992354355793
0.20851366299348073
0.4678943048839095
0.7593933432018447
0.8923159673646439
0.4446319187292726
0.44336745559920065
0.522502946144755
0.0697471228043196
0.2971130509783413
0.5545621600159023
0.8177708576565412
0.8420352102108186
0.5310704107736478
0.9057835711781144
0.015055528590318428
0.5186296572188958
0.5045143158886418
0.34255945675119714
0.08683856126064134
0.8091539486064689
0.9768901529910039
0.8932055973353539
0.11367248028825425
0.9433607358195966
0.9033118154115258
0.6679747955206039
0.8443546800910815
0.8919613276772427
0.4367802121493987
0.6608372923165236
0.7749872284321271
0.004452196267036745
0.952620852048229
0.8721127356184065
0.7215319296184733
0.26418265950524555
0.4679246963054437
0.8519214650312542
0.17426699028635553
0.28823284966810836
0.10391184866976699
0.7929749567034238
0.6736588905813743
0.6336513262817587
0.8867739845195232
0.11070548524217583
0.3404321598708806
0.8938601226824591
0.20560789582327946
0.5349136303363617
0.5347111125844364
0.6641536279171709
0.34609574174012786
0.6256292654082387
0.03969883954373031
0.8844594287633287
0.6000998830097446
0.4430201510086128
0.40099797700529377
0.884197880004888
0.10041974881236304
0.6388939266441624
0.7280948439441803
0.4441152415516363
0.7562804446680347
0.3423039831390762
0.020892410329644118
0.1412182967973391
0.31970150574121875
0.27169162602841523
0.7058862315201954
0.6760259156681234
0.1683943282814082
0.8076370822637898
0.4265691098918407
0.9739754816175047
0.7859556566893703
0.33712409861141146
0.13701861887251265
0.3686024389875509
0.8528495150835934
0.779699868383182
0.5057752608269455
0.514987781342711
0.5871189095804175
0.1217488475606392
0.372679931629591
0.05767632301993431
0.31521352114350787
0.5718140123787443
0.24942174331214906
0.02477836150205892
0.21388801874160368
0.633509801102188
0.054075487960346925
0.15332865288208755
0.5085173569990699
0.5245881779413414
0.18075013421707445
0.19672924331301522
0.6886398904051871
0.6438611358418871
0.9696471944510998
0.5002376063441101
0.00036660349744677134
0.31721824707919427
0.3044440845628591
0.3985946121178692
0.48020692163971623
0.38622826173055314
0.8543782140117777
0.5831699161128148
0.3410980839919211
0.7144925087939445
0.050351986145485875
0.5301568942378709
0.24746014955538742
0.7510234914288241
0.7608804258132793
0.186939645885295
0.00493027531641599
0.01402616557002818
0.41875655024927183
0.009112926855413756
0.16470545972829442
0.8186456963596418
0.71279480337688
0.19777440945993965
0.6348584661930678
0.7463883981679599
0.07760997722548948
0.7591147874205046
0.1580138406023273
0.7190563480378189
0.6083381767838542
0.26315923050015344
0.4893598943675313
0.6807965609150288
0.005436261713409829
0.6420113566983525
0.564286345881993
0.33339776320340175
0.4231730379666583
0.6701732980911674
0.5673734239617384
0.28600784409652436
0.6910514054620727
0.6175446812745152
0.8439329337109902
0.9172807050808888
0.4064900224333792
0.7089473498458092
0.3549928528622722
0.14646483087319884
0.28546224886930105
0.9960917881162913
0.06900254749385935
0.8334465023454887
0.8448668247442823
0.28953239084684057
0.7531785720676236
0.020487243615767037
0.7573575451955483
0.2825138118398176
0.1298485998796453
0.5551978810296246
0.19052031934289926
0.4223560307319827
0.29721417519484583
0.16743481406179672
0.8810250699801634
0.7958003299884489
0.6162523901770882
0.412494492450292
0.37811064570409303
0.5968465004923831
0.790487608058789
0.9227532102342202
0.7105924716858162
0.43046597597376457
0.5235143255294696
0.06556111639626216
0.7359771887713761
0.05177357174353037
0.2596686762272913
0.3721487822459164
0.7122942132935672
0.3327289852227635
0.14799683974660202
0.44137119717988726
0.986066247860507
