0.7064919988214642
0.3134434894441941
0.6569983495090358
0.1463643554952128
0.8563404399382205
0.0027901677624566634
0.10592588967995785
0.031043359876206544
0.12533752892422556
0.2861008305434264
0.7727390597541013
0.06887879060706337
0.4380665088096569
1.3318973859366423e-06
0.9080570995073878
0.016748886299606802
0.09842809233691488
0.028167338479785586
0.9000319533399876
0.07342784009665715
0.38262575830380957
0.22068069161611814
1.8238487609067988e-08
0.07171237854572099
0.8704995968885456
0.3801014968355017
0.7413589635501647
0.3390468147007033
0.7499384972261571
0.757973210768601
0.9495470531864894
0.029660729303466526
0.8191777919605344
0.7315062227895917
0.0035463643884607876
0.9121575479446493
0.4958567826767195
0.7877866800964048
0.8101869685717185
0.22860157889800933
0.1576392846289172
0.4367837921055704
0.7550120647669123
0.06401331622293194
0.8266750618028992
0.3770707759508371
0.00020059991150267464
0.6651863307777289
0.7292115064394704
0.661252487620846
0.5963781335957977
0.09426687774774378
0.002525113826714831
0.5272054944183385
0.17265610131816922
0.36181340022084135
0.22395184023810674
0.06164717554826889
0.5236163878173508
0.7527743073393165
0.7145233239945179
0.1466984456374023
0.5404651675705192
0.27402264013736927
0.18915059591820138
0.2761619973998584
0.6262771274028994
0.3144267597645578
0.09059914116003043
0.2908363837376402
0.05130384678855249
0.6296276968273369
0.4080850867785777
0.7049317624640609
0.8811485485159147
0.43129057869525605
0.09440479669373092
0.02222675379822525
0.2874158572273353
0.5534880717700345
0.6619948500711242
0.9043366506001826
0.18308255667321283
0.10885998419068055
0.1235813541997619
0.6568697910878738
0.19149811135050188
0.5443715688045543
0.5832807419124416
0.8711061919358166
0.33314864673123423
0.535028091662079
0.014662493871698823
0.00021855459672392996
0.47966548395712283
0.17145638588492784
0.6389668605035368
0.5490895635790455
0.8083429334293147
