0.036232178375453214
0.000618340458071147
0.030738476427952553
0.05277353854761981
0.010343721041284754
0.003721473226541871
0.00022308388192365287
0.07194165908294957
0.01386899883322559
0.0020329475564249896
0.012260155487920803
0.009895019933010778
0.031005546486965043
0.022062996800339213
0.03085103940937158
0.0014538578871420046
0.0012329391569158284
9.652602150493526e-06
7.56414805540152e-05
0.005058961442905282
0.006131682490089718
0.0014431182004901368
0.0008905754558753176
0.04292764137890255
0.011108616507243294
0.0069349864886047935
0.03528765623195452
0.001959556260807739
0.0025894182912669494
0.0008123765972511294
0.046708933012361405
0.04917950767459483
0.013953662044296324
0.004830483821665945
0.00024778294316693067
0.0010603941380293708
0.007924173055401268
0.006851666393963198
0.000844437545537244
0.11533752503814589
0.0015461156796632188
0.0031572818348506227
0.03517445736734493
0.0009454882415815326
0.0033383506189976642
0.021264014417821823
5.826084564545529e-05
0.023221742414350766
0.010622422923593087
0.00018898844407618534
0.0013045540273638606
0.0021749135158512837
0.00464317865722295
0.005653285683228863
0.019285554431785562
0.08268850066208949
0.009489687802890686
0.0015410663740149345
0.001021798856888124
0.015874707159130693
0.00043185310363947537
0.006012218479872017
0.0020982790496744943
0.0026984649206956163
0.06194787805080174
0.2094904776316737
0.009474754083363183
0.0016792764595682493
0.0005521328268981221
0.0006090450712643515
0.004417077179797297
0.010742029176145218
0.003991704612258528
0.00876540110023335
0.04411530788732333
0.19735235430912837
0.014240325455543238
0.006393001497872509
0.059743653533282426
0.008588869998616511
0.0012809693972364344
0.011712792509278412
0.01896740653898612
0.005748387453633322
0.03600994368762199
0.005961560238650332
0.12543103233462252
0.0022758208451238975
0.00017002237416725247
0.005513995527653144
0.004301012441469834
0.003091560775060395
0.0049945421337649525
0.04766532020555372
0.03097058033644334
0.025343864962438564
0.0003951101579044469
0.003178156447804156
0.006807414368910721
0.0526785571239148
0.0002914310812044975
0.009715026367170584
0.028140795109107327
0.0007135752036141182
0.006316132562851276
5.6047748940772545e-05
0.002717969339670146
0.00028314293390299347
0.008143194465771919
0.02935593895372116
0.012097550162723097
0.008334846645316614
0.02772994768746459
0.0001283554690340641
0.0045318444040297135
0.003327545403346457
0.000932527038975447
0.0007442978523836475
0.0030328878854275175
0.000778346254314759
0.001148178763962528
0.000879684940998748
0.0013722927178192793
0.00012793250641356915
4.224557405690246e-05
0.0009545156549042384
0.002840793283197601
0.01119370188399194
0.0026246552949101116
0.0025997802356028023
0.0012242551619994046
0.004202972459261843
0.0019044133713870177
0.001564260770951045
0.008550014057000602
2.7478336748070418e-05
0.0019525029044705684
8.44125686116393e-05
0.09669947765842972
0.03349587862538243
0.012893755360140749
0.00023506460505277695
0.016059994396249444
0.012930498003557151
0.017555887921776286
0.019087145368597555
0.00972973867627797
0.02272320336382147
0.006611683775823786
0.029575511169742053
0.0030149202070428437
0.0005539990814484107
0.0009537298532316744
0.00068339317106437
0.004367491865018862
0.0003087705911620212
0.01330712725233837
0.004602457637438821
0.0002956341676079505
0.003830982430953868
0.0029260609784155273
0.004258308137084926
0.018266974386833328
0.012720019856502934
0.01280362142035343
0.004092120355518387
0.004292319900790318
0.0012328548548397964
0.004018678339679585
0.017943642735644975
0.0035233230889287065
0.0022806813117620083
0.00014504590043975038
0.17759852407328358
0.001600413319962547
0.0014116656814601911
0.005865181842281372
0.006813986177856077
0.00010290649425425023
0.007055188888971882
0.011570271802313712
0.025849089742765317
0.0005365422341699716
0.02304431092591383
0.010223939916106428
0.001830559507678745
0.001428815923814403
0.09680326090041799
0.00875103983898452
0.0024071167729925506
0.0328840633082315
0.012009373402217905
0.0041122397497986565
0.004655372386890388
0.003283199959890661
0.017046961067886023
8.397956515230832e-05
0.0012813617415438768
0.006032258962107518
0.006946050934621381
0.0019837077944491774
0.0045882750174956865
0.0023033801823506644
0.0021441438981137277
0.003798224355972686
0.000256325833843324
0.014839155136848829
0.005502508367215834
0.016088741862774463
0.010685135038045503
1.660427447887077e-05
0.02202022622731222
0.02661964082249578
5.046723416018931e-05
0.00244022149562165
0.0008890219650640407
0.006231117906076636
0.007590610868185784
0.06792103157605263
0.0032682812753631802
0.000859605040027499
0.003580563787329119
0.001685842494869818
0.0021198247423054235
0.08678624584731481
0.0011051216634856168
0.0042165284260889365
0.03261096806093448
0.0021232792101534112
0.000647746169064491
0.04082846195171036
0.0018551385837698193
0.013493673415235722
0.028068491533092516
0.004477132364237323
0.004090893802088468
0.011385371651550577
0.003634887804212967
0.03018833980752384
0.013217246185361707
0.012026948913367145
0.001130053415834457
0.0052563985899937125
3.3560425695258304e-05
0.02167730929419494
0.0018492456107721531
0.06769825651188922
0.008051151552961716
0.04152180291132735
5.6704375848880066e-05
0.004250080136168964
0.0020716777652722306
0.0009802776258069686
0.0017327828772237112
0.00319213356449173
0.005922315945369483
2.7130453190699594e-05
0.004533383435045722
0.004109539090994458
0.0042440962598687465
0.00620669588968718
0.0007510521659800448
0.0429664542388804
0.005509426906771033
0.004315269434505511
0.003636373319337335
0.00016252227400867693
8.692556986884706e-05
0.003920773883837848
0.00317328083425051
0.008648806644123227
0.002342330554379389
0.07374929321041875
0.01852111186258154
0.04423386601419577
0.07986997857934425
0.0009640374002637799
0.005774377122386935
0.007718882935250048
0.0013217362124185875
0.0006686883700389436
0.0005150285463458489
0.0019667542895560946
0.0002724279286975059
0.006417085253875725
0.02991724173727628
0.022064290473204254
0.00107712233889176
0.045652899557140046
0.006621731237190164
0.034665256513067316
0.014222252656826974
0.0023794653195132625
0.0016203666915632529
0.0006901998828152222
0.009704801791354679
0.0004124264707927178
0.00416794083832965
0.00418354945472679
0.014985428179757393
0.2089848284142025
0.001446083943439677
0.004243959008474885
0.0022657877969928858
0.011548215819916028
0.0039038901022088904
0.004364413887388854
0.02351864680834006
0.006113876576307762
0.043973434292686985
0.0009460788485891858
0.004921718214442181
0.0006655101696394252
0.0007581408994128734
0.0022770925312676302
0.006610075624906387
0.0035688784594516457
0.0020073371300621547
0.0003448149864701016
0.0604671342484879
0.087617076930078
0.0049848293126199626
0.0007480973559087252
0.00013384455226013036
0.03313127829526165
0.008133393694587475
0.04722144873261045
0.001166947533200164
0.002101932552218089
0.00036443216641121064
0.0002118081421252686
0.05206079228640452
0.03497921605061408
0.008235929105507758
0.01825453110832664
0.021383001622286634
0.02819605325735696
0.0003582808515584808
0.0018951290142709804
0.011370474044221684
0.018997083123235673
0.004998978715042374
0.020518023862298874
0.10408254191069714
0.0033277422737829653
0.0069568991512291315
9.688147643882367e-05
0.05290841971322519
0.0016273859381739212
0.0007039428678462139
0.0007831494713561331
0.003063889641342683
0.006375498521720801
0.0005808744659108752
0.06041605233242932
0.007682993803579914
0.010046188635943521
0.004179169931915031
0.0030974584267807964
0.0024530228690608025
0.006539466439910742
0.0009789091204141622
0.02992419275022812
0.00026402962514889493
0.045235704232856146
0.0007409612520028201
0.030136295689484543
0.06988794148652228
0.02055776665419894
0.032180016996096884
0.003617652209818653
0.061277317354117795
0.0005912214311103338
0.020379012673303384
0.007597664053074916
0.01205484482019581
0.002829527521396076
0.025567270206466437
0.012744670762706134
0.005877544309254858
0.015389903404048744
0.00046337171130264723
0.019673285241350848
0.01002263704151016
0.00039993159727363676
0.0023167516588288146
0.0016351810786267088
5.1367048219186386e-05
0.0006845278430397639
0.04104152738704525
0.004158050297219211
0.0001979480685349115
0.008267443665575316
0.0031502525593968063
0.001093252586297729
0.001659927135711037
0.05924558730806687
0.03492312659457233
0.06170663065370134
0.00035482270689549936
0.007253665329357171
0.002398150437819433
0.008207990659789416
0.03704584895799753
0.003099557213931461
0.005872237959896968
0.000962559723899081
0.0006692592702210226
0.02494380967847194
0.12412264388878083
9.863464400568293e-05
0.010949032092036036
0.006309665882883729
0.0001203708056774283
0.0001149791660642653
0.024071875551387092
0.011291640137510205
0.00982428499415982
0.006456216878884941
0.00036332925658334557
0.04042943151176299
0.0002867393917349851
0.010623609611759089
0.02755948812608417
0.001066201174812332
0.0009436903871508545
0.0025365282123458685
0.004852395973467214
0.027628882116302166
0.009247471166293509
0.013115141406401392
0.016937800348398976
0.15682685425713178
0.0034343078241371944
0.014934260971687765
0.00021971247113389134
0.002570349020718731
0.020457713771515104
0.0019244398060154835
0.00022842914717087482
0.01925451463404301
0.0008416918684581901
0.008640680104290432
0.019545897122244287
0.010154242817132467
0.0007993211894413468
0.01048598365260404
0.05903630021926321
9.229692962436457e-05
0.011919885197273328
0.02043831272662742
6.024768474188334e-05
0.0006120109112110747
0.0017475969521887338
3.1344535897084856e-05
0.010024566719081156
0.02444794843752566
0.007065619279923313
0.011981741275234414
6.14143419010418e-05
0.002259815939992675
0.0072422055797986395
0.0008267096908039607
0.023724861194199736
0.0035236325421766812
0.0004205853755829727
0.0006054437185905516
4.0111829851255254e-05
0.020349203432969237
0.004965539081429496
0.005752188569931272
0.005461008179411615
0.00013878394707046035
0.007553503529518068
0.009216616965092381
0.025788081859427284
0.0015086275678288068
0.024638107773716285
0.04690817680373708
0.02001253220611424
0.009459848219711344
0.001983957594232315
0.017716097100039414
0.019705448569075353
0.0010882328144237751
0.0011752294877745823
0.0016025012132557586
2.0848331401861422e-05
0.005820278060701998
0.01351918312263827
0.002389396398520889
