0.17978953155565236
0.3331250375364869
0.6884807370765087
0.3813957143308251
0.6222724534947518
0.03890201087505463
0.33694712085445433
0.4946494606537504
0.3007320119878514
0.8520154118585425
0.6235533134596751
0.39294197464680214
0.38673601528665924
0.486630538646381
0.7097833294459601
0.41096145672286144
0.12686112104228778
0.6095357860425548
0.9230540945439372
0.7565185164757695
0.26979471641611313
0.4638231451164772
0.6381614077526522
0.5707844237847212
0.8987913043124319
0.9238941922631905
0.3162734476017688
0.6147601787616401
0.5604876195249326
0.5379789667037472
0.06368700002908527
0.9116686260290656
0.6965404374553501
0.5468457816256658
0.44899292113985734
0.483798553683809
0.5184546749947859
0.11587770585889956
0.03418946163328074
0.604440990725744
0.5220714627190322
0.5879226106713665
0.8133872066357907
0.015635144806176508
0.2033812832648343
0.7495631412634158
0.45005972539629213
0.6769271053630745
0.4008204593455475
0.30896204142385275
0.8016225254190992
0.3133141906597274
0.6423121463816268
0.523718500459361
0.15511095787865892
0.6485725397592124
0.2512599730339315
0.9455336065950618
0.6495004087306588
0.06527649651520825
0.7541953631876315
0.9602357765854411
0.08444659078434623
0.6404901150544848
0.630324942782722
0.12187961910062528
0.25735446599072986
0.5682248134632187
0.26954163120108454
0.08297418061466191
0.3410897721438362
0.854474976794656
0.46817792338341574
0.5815388462206105
0.1323487491588402
0.08322999590376523
0.18486613256635542
0.15117332475630996
0.8400774943567786
0.777812263522472
0.1684649282919155
0.5276579112914097
0.7772644999515882
0.3968005202738012
0.5821286922737974
0.9885492586483642
0.14325282489373603
0.032513009060728716
0.7289090428493226
0.030721958917822596
0.22573404511290587
0.7898917630661473
0.6569299062827615
0.33805887627506276
0.9285489622746218
0.7495395961359588
0.3693312538006197
0.2915104545689655
0.4052595531726258
0.32727510011269356
0.22529972093740538
0.9264673091544815
0.657742487819752
0.7709712142819864
0.26086794245757994
0.09206645895398036
0.4929066315349153
0.6848336455795435
0.6109810629094611
0.6252620640593799
0.5896689837461644
0.3067163037442823
0.4507151089136101
0.7878129692220168
0.8413616313193185
0.9940835271919346
0.4663118908795596
0.5710584669803601
0.8939381027462697
0.4759447738199086
0.24759820695674564
0.034826173821670206
0.04336683911760941
0.5417796919873974
0.43500921965268247
0.018914144440836722
0.22292809210939746
0.009712130522466448
0.5526280216236964
0.50869972516419
0.40659785014362504
0.612845173584655
0.24780603958633907
0.5542044623465661
0.5909818928566573
0.31257108893096763
0.15724006189344708
0.13359225489496152
0.925703473180421
0.05851334707306649
0.5358498234226239
0.7577326638680248
0.25126956227914976
0.7296883263441956
0.33245335045040914
0.40833678030077564
0.7268538792506714
0.4164208253484565
0.8708520887667144
0.7731600440773292
0.6773013367063471
0.5604036090904122
0.07159843053878001
0.6878997708898654
0.4795890398529065
0.6771174664940014
0.36650831790019156
0.21561201463076143
0.37093944554006497
0.37838006767187427
0.5785098029133688
0.23265290641403236
0.3433227750613456
0.28863001096848356
0.7988500163525092
0.8096007240533853
0.6297341568022718
0.9144947286509362
0.21414252720292765
0.34935174305783323
0.37924957264922554
0.8288930176726128
0.7740728066291798
0.9095161370631124
0.20994286699620957
0.04322949507843599
0.36087408648310154
0.8270876655314652
0.38517962389227206
0.0720677289688525
0.619087740931474
0.4040128861350416
0.8329269132856417
0.8778280736967548
0.5255695566443155
0.721700997310762
0.8352405740506846
0.36485356176937256
0.08313502540893403
0.37486801840223305
0.058271277993896975
0.92693207943532
0.3089068575306546
0.20915145269824578
0.7789509509792383
0.08888838572999025
0.2113985701014177
0.5890758162839093
0.3013747033469847
0.2774637155753754
0.6503814532615468
0.8322797920175807
0.09674002205281762
0.27551900245765804
0.48146931614415056
0.33138882030709227
0.1959713072606819
0.5156014813714584
0.9865918063507902
0.04879551080340962
0.19688637577039603
0.32892677102161505
0.27296702025123537
0.06301003417252132
0.4004947640155051
0.8517083992983441
0.09822124274608379
0.2955444377258347
0.8076952474495066
0.3123522369231285
0.6574841488566265
0.2789402113451791
0.02778171636865312
0.3548154265175998
0.0035640696562031426
0.46129078178425686
0.9246821716770754
0.9099669621074533
0.5694223916659442
0.472579221827922
0.3971143071855539
0.811793529053852
0.9423532578263125
0.7451142126101198
0.22464909685756407
0.8647685468134665
0.5035316428237562
0.8709153614349683
0.6066302560265631
0.78322862158578
0.1901891498433792
0.364947759059576
0.6056205390526539
0.32381528390122505
0.8228266886166903
0.005548761525090031
0.1354316998625098
0.3532588890089723
0.8207689816807862
0.9848878600618729
0.7370866569739345
0.6189335544212666
0.7557705307792164
0.37511679736875436
0.4812441825958984
0.2614867466093951
0.14771966354633514
0.8643732672686608
0.8934885876601119
0.8438409712889297
0.0731111204657913
0.8623121199573424
0.06467823087721984
0.31411689506481943
0.2471935538981655
0.32988377431644694
0.6853920351411268
0.9196485955950935
0.8546957971482108
0.9518721040416716
0.4875017104852825
0.20852984373667027
0.16926888086876657
0.7340246361314458
0.8569872496064019
0.2993238195562861
0.4543818252054592
0.8415430637995888
0.4418540153638202
0.7289296517453518
0.4592630379700435
0.7958735234833425
0.2677990819831591
0.7973154223410988
0.4154742236031259
0.4161120861831336
0.09542983642387723
0.9713810545214356
0.14695659683020468
0.9894323146912967
0.7920711199641841
0.4539072114582525
0.9613517871783828
0.6462385469740362
0.07989657087280655
0.17452312144137405
0.7166549351912879
0.5663213953883883
0.46307205529251877
0.8534675828531036
0.9517052456714619
0.7597164680720079
0.7309345375904244
0.598629024223575
0.5302018040558705
0.6350270230926455
0.8411678053641588
0.8271568766539886
0.4070585032387721
0.4113362578717625
0.8355458663259643
0.8247163968954766
0.9516881242647026
0.10583812765302716
0.41652209375327953
0.23777581431330685
0.8125960866931357
0.9949853098551239
0.9931488457888354
0.05023117888636138
0.8469282231028663
0.6338318589794261
0.606938210931536
0.4657886923551922
0.3507768772291242
0.14364315670590655
0.3965821811318027
0.5938076846762217
0.03135265790381481
0.8452517055155282
0.5252681978755434
0.15212181921276313
0.13226500298334132
0.8135233904661535
0.8108172058673658
0.5177032467725741
0.5018157461536847
0.9221671692217259
0.13497990579817257
0.1314909592202398
0.700478261129626
0.1922675541306167
0.24093547121543024
0.8224249672760313
0.31367406370249046
0.8296790300285068
0.5580495477489069
0.248369524165479
0.4734843949504731
0.9647074394473855
0.5555013667338005
0.708821274869772
0.9370864182620801
0.2082795944032092
0.26572676167176223
0.5590309896213381
0.08138886266548977
0.10252758660042854
0.6867498387991282
0.6133392374682768
0.839269163685019
0.2042670460687078
0.2229491381832552
0.5109458884768575
0.5160008451551621
0.15248510304137716
0.579561929588085
0.6029591870668505
0.40068119215177905
0.22825580028552434
0.49919393056331995
0.31670582360249416
0.30905027779338856
0.32465341395696423
0.0951550428609752
0.6855878170836494
0.3851002885303707
0.7462552117160202
0.8839745289201331
0.38563774603106693
0.5614257659329832
0.6426804370132595
0.5889743512738748
0.6514963708667273
0.4040362107166278
0.2919673320095111
0.053365276436721884
0.36953564197908073
0.1776990083678256
0.5444995377842068
0.8358323598901588
0.6380486444901516
0.24598205598480047
0.1540170674780248
0.18879308296033773
0.08537069222733762
0.36502516421524583
0.9654696252953283
0.007939119155565815
0.8336265322566667
0.8864160215622984
0.675792636709267
0.0490789299860952
0.427546702579777
0.39235535295243484
0.526569098428852
0.5599020364039637
0.7357640668237573
0.9152165450952603
0.37889495623750385
0.3989240092280544
0.8715066935247429
0.3651308267827704
0.5321446967099734
0.6804124847088924
0.545259802191407
0.15263559231122978
0.0859142878717859
0.599510041063031
0.3719427526257147
0.42484753264350195
0.32251295300914706
0.12033229790468858
0.46103371724522946
0.8078489481717933
0.00224355371374218
0.375181289191326
0.922453286143135
0.6297504064018435
0.8365066624443898
0.7030721660851931
0.14151100627284396
0.22241242820964802
0.5311990573074657
0.017385402682603388
0.2944394951558451
0.8219766762244154
0.09558750819433226
0.5917925371711716
0.5428986944547094
0.07738912117724252
0.7906549289853031
0.8890781538451249
0.41193652941894476
0.04543332750384699
0.20520413117987135
0.40145332792283317
0.2934072172969764
0.5665192789200446
0.8248704766114463
0.9020083887233183
0.7696125717978141
0.8094669327305833
0.5229033126573076
0.7014741703798297
0.5220193401143404
0.15274555777141835
0.8594597012488575
0.07085152122899262
0.5141936043443399
0.14564142998578644
0.4630770492761286
0.3940974449112426
0.20896065407219755
0.5185857863778686
0.02365708793170862
0.1587720657647264
0.6053178774001524
0.36661098635527833
0.39982558975098115
0.949722274440497
0.19865982798476867
0.33790164996921024
0.3298806858478991
0.37979829184923175
0.6820705441570858
0.11202517553283188
0.40919442442689585
0.9012750533286249
0.04780603748783835
0.2683318762727187
0.763703117920218
0.18643772259136246
0.44281629082572316
0.20824756608882722
0.015276288970108132
0.9217153431838583
0.5479032901363499
0.7398027088437854
0.13357045586506233
0.21781700095280843
0.09770501270622797
0.03645471703062483
0.23063803068646527
0.5981006364145123
