0.054905051092468085
0.4279455791745956
0.7952503869834345
0.30386744085928524
0.5914787032938306
0.14937674686330538
0.008638473079941826
0.20447591758373865
0.5566789219103889
0.6387351809928459
0.6091865128634416
0.6830156089068726
0.16778507586465397
0.30930716029694594
0.031971419673344596
0.8765338741547231
0.5276403863115858
0.00044686537008975513
0.005945756194736473
0.1902800289987372
0.9331208252319841
0.11303757214806642
0.8904361808312627
0.6362107070364963
0.38285862333432796
0.4074918384310294
0.8432726909382509
0.5436113545849253
0.58703298376288
0.6152061169776813
0.7800753979466434
0.058347579843985205
0.6377425957691087
0.7726940505159587
0.3855060548171949
0.45181546722187377
0.04020169254101504
0.04477754837967136
0.23802846968079727
0.6923956952313448
0.07993881316772855
0.9794350794930721
0.6990925320318808
0.165954977213898
0.40837184855386055
0.5924131572153879
0.31805496552759105
0.5716898429990741
0.6681802413665832
0.9703824981154168
0.20925674346790912
0.6971724732193654
0.3103530898408089
0.1464670726779798
0.09208607461150331
0.32858120453732687
0.9458029556030608
0.16063140875916082
0.3916853726549858
0.4663287902037401
0.3989540591294956
0.16533030218449868
0.8645316845503761
0.7358000284874364
0.17796421146293154
0.725372572498612
0.08508887169732166
0.8928617118966562
0.27083524221712457
0.9787421902284785
0.030935852226444443
0.18608796476828585
0.9810019716711629
0.9956797999283
0.4670474517419392
0.7009333238321087
0.04523966478443198
0.7268489528532109
0.201131491315221
0.8533706872929543
0.8076148921975841
0.07402012089865477
0.5260071781450639
0.7668792501155799
0.037334808366220384
0.3080983482098347
0.021954555450585653
0.13659032520594402
0.33030422827803974
0.7653207470407054
0.66171625779559
0.1917199858337335
0.6399851198630773
0.38073096972535053
0.16138706902725164
0.26793419852984224
0.11869290345076489
0.11131178324521236
0.8466094418175275
0.8646557974994838
0.09878628563349223
0.4224737764596714
0.1763680812242236
0.8229253725714181
0.20842341488627578
0.060706089822908815
0.1335928778277946
0.08953752625505795
0.28466414976392485
0.23317912615514402
0.12133873301633913
0.5021798911873723
0.33411156335646375
0.5013083337487003
0.07818228159152774
0.5559320598575161
0.21483962724371208
0.7882757549197104
0.24851699217377188
0.26574385592680305
0.4190144136239713
0.991024182589179
0.5124550522611568
0.22025937103435322
0.12377429883779945
0.6680085159604268
0.3046448604229697
0.6461555705166216
0.08447458738324747
0.3123028293172332
0.05370467144344869
0.9397572289790045
0.24450568880282544
0.44230963775967314
0.2204655059550613
0.11562095944433741
0.4244311769144996
0.06717369274980056
0.5628732040171428
0.040723066703877285
0.5717776630349579
0.7993178447100098
0.7470264141966274
0.971104074923416
0.7381255195640744
0.5269802524261856
0.4500039269383156
0.14314527014099182
0.4958111721709743
0.956995731995733
0.15435409298462632
0.21085045679000491
0.46088350165651004
0.5002961476391132
0.9438456511949649
0.5309475691896043
0.7115400446930665
0.10438887867468125
0.45092471373619936
0.6081479503195799
0.21440182919396178
0.18413991123408327
0.45724065483332726
0.28110100113834136
0.19970964852779183
0.6405031177453299
0.8958720559608615
0.29788404185986306
0.40241965059111817
0.9814396760276416
0.8457805791370367
0.6974076870173083
0.5619577300479388
0.3007945935644268
0.5025645512266588
0.04514744669526764
0.02965035244794545
0.553800573241825
0.25755001142249645
0.732412204485408
0.8174723544087454
0.9495220795800903
0.6418495539853835
0.3304226551628169
0.6881719579417076
0.5577521018573983
0.10180538786868212
0.1309932287511988
0.6862737206099834
0.12444862533944247
0.7418466660208177
0.19649368752624374
0.2764676477914173
0.03447701927821194
0.3796758478565263
0.8871452737612677
0.37825065479754016
0.25829722418552503
0.19108046603794673
0.7760315890553314
0.7894588520390429
0.8916768893289966
0.1878344649202961
0.33898867033890023
0.20683229606197864
0.42231059580731894
0.711201632648061
0.015180699301438283
0.0599408777157342
0.8197457836858947
0.11972159945374547
0.8364888599338132
0.18932471269936083
0.6096923464943771
0.6924595944997298
0.19583202547472317
0.013968653406099088
0.877144907962965
0.4730627251213609
0.5847428500764907
0.43602532037598585
0.12245359909228525
0.49709970857394203
0.9288567601318299
0.2090633616252875
0.5263314733860842
0.4137928685553178
0.5534919292779854
0.8538088989280495
0.9353369813710841
0.410940480943481
0.7385463020006363
0.15937030900533805
0.23228615872034353
0.2546697996033902
0.8081627050852168
0.365555156718365
0.2169047141774023
0.18011772147956662
0.8939623036258205
0.2388342792603066
0.11495308747467295
0.8521634228142221
0.6174319843942263
0.4226978141562556
0.36649295456851533
0.6127664722883288
0.9005582913286976
0.6847926203140249
0.07980588000907218
0.0366344813298669
0.9976360187170786
0.8705883136566714
0.3031770906360305
0.0968284437887386
0.8520082616447193
0.3343161331523086
0.6480920044581433
0.20603911074274572
0.1637966784957966
0.3811468669284408
0.15967943906845805
0.6208941892983962
0.09854120150269496
0.1499490787074491
0.37840716046353085
0.07750451367907996
0.5688249364115967
0.9836585019523316
0.17842771383969291
0.5513940500236172
0.7431734071386584
0.015947909621980876
0.232156511658134
0.44119969311929297
0.048456929312128
0.8138819682802262
0.2999555058074238
0.9870571663563945
0.9959648624165564
0.05862742915836194
0.495799208069051
0.9201038692918678
0.852075991039954
0.15245821923569514
0.01748067026069581
0.43852850115776376
0.042623454393695824
0.5864245422456527
0.9776746265461989
0.041293751409221535
0.13898401407064576
0.7319828903704881
0.3206006129257688
0.40859451850997286
0.2969681589572566
0.40567394626731224
0.11531070825432381
0.9073593680668428
0.6962908601270912
0.8960975999715824
0.7970682552730601
0.7477087773551847
0.5284350954236176
0.20430715934349114
0.2508729211154481
0.22398089417271283
0.7496411706613784
0.578504190704791
0.6935648794195906
0.7834051959888146
0.8179549287667974
0.6279486958780158
0.3153507757639784
0.2788397921122867
0.36302788409639364
0.3002302289218902
0.5133205901348372
0.46639225879104207
0.031174051708827033
0.919696516031304
0.2080142088484943
0.6024863385846903
0.9931824734449273
0.4824484224289831
0.27524162719598844
0.6352275006449495
0.0042367186723044625
0.05418624675693828
0.9834592088213064
0.02563826430663418
0.7424649479396905
0.9002436630303794
0.9038101360331723
0.2605601702860188
0.08636777863943323
0.5153931434021919
0.8604895022099469
0.17890150088628495
0.2053399297102624
0.4155755813009028
0.43990778070362957
0.6967121900946158
0.24453020154907623
0.30262604110622005
0.06171735890396265
0.4756235015733381
0.9370485262075657
0.7985975472023517
0.799557424839321
0.04822218037154949
0.6028802536005624
0.33353641693328284
0.22112375761935069
0.22853875653235822
0.5442986577050435
0.02150461425361844
0.3937703750762067
0.782387622296449
0.8004964489647767
0.8310145478492219
0.6610391095177544
0.3031046545154945
0.5137476798899239
0.5569681679454753
0.10938656664745312
0.741794195423675
0.9559277003669576
0.7064046295927742
0.05258663387827916
0.4376705095774869
0.907330414861795
0.4226662262727946
0.24998883593662757
0.7593616019595629
0.5054088285273567
0.5699773661926049
0.3985865845778859
0.802740488878189
0.461322927837151
0.3977499286466959
0.30670436002958135
0.5792390997184955
0.8005084843539725
0.09210765295222988
0.33541540846380613
0.23760298464100238
0.2086846289564641
0.18187320956210562
0.8867153541687147
0.13865909794388417
0.48734358692871693
0.11533411211057532
0.46436258997118784
0.5947713338612599
0.6550764095436886
0.554120708892009
0.15093858212731304
0.6476625993422035
0.955812816492267
0.45824026981601684
0.39881792025597096
0.12446052856772871
0.23196809831617607
0.5802986663740337
0.05903509576817201
0.0546960220557253
0.412767802297955
0.9106354295712333
0.8786768146983506
0.9062755035822513
0.006650036234274959
0.34936582214802114
0.7951694720996816
0.5678471910025316
0.9114586227247621
0.30969367511658724
0.4047656099377428
0.3819486123968963
0.9000638353937687
0.35312884553887014
0.5189167065330687
0.5159862577217875
0.6331357354080103
0.25888299226317524
0.8765400168442217
0.3695489690119728
0.38635558148206695
0.9967990132105934
0.06695414679229506
0.5810902501269553
0.428897861653744
0.28415017837045087
0.997267639983471
0.4950468464944209
0.5078614105869541
0.07427008956634208
0.897308491478863
0.14924724202338902
0.8161480831283261
0.40742495358135306
0.8850289029616356
0.6766682023006187
0.12706218858787155
0.22740184116919804
0.023203548500131486
0.7538515500963736
0.018883710562758615
0.4517553915842735
0.8464067113177145
0.14667698168821075
0.5864305833674976
0.7520520331515723
0.2877104476396155
0.8413238023353533
0.6193825630736627
0.9979419253900805
0.4116549932524482
0.2545272158189351
0.642443885593139
0.9986886565089694
0.25164921083084857
0.04765912531295673
0.20331777434256978
0.09198287169028241
0.5919264091688303
0.9731004923336235
0.4658906963792233
0.4529581226720249
0.182527393107436
0.9236081402601652
0.2840562359076657
0.6183471338011031
0.5991370044868232
0.7231934629123389
0.42077359273679593
0.8103650879079051
0.21468290358917996
0.2336766313874148
0.6040523360616061
0.4404059851983214
0.8668750200900524
0.4788859852206424
0.8720875181047665
0.8791188003072474
0.13645717376888267
0.12777576292347703
0.15594855670556704
0.8633204543389688
0.7680231382004614
