0.08999843753428571
0.3134434894441941
0.009446806070671832
0.36447118375316756
0.2897328101863515
0.3704264895354923
0.056103520912093904
0.09691504838881711
0.0006940722549433342
0.13116128935573457
0.02944174577824433
0.6164502869945165
0.011446184335509368
0.9925065889889382
1.1324454485261981e-08
0.8080552299112862
0.008615806372326285
0.43483844670002814
0.020822787772591056
0.188480536834865
0.07342784009665715
0.38262575830380957
0.5246723661827042
4.833914823976215e-09
0.024828256144213245
0.8704995968885456
0.809452973445905
0.617317269539892
0.3390468147007033
0.7501978869418938
0.8700678948730896
0.8348828082596489
0.013732862067919127
0.8191777919605344
0.4276638750914159
8.483075442100585e-08
0.31892048880643653
0.5970519779623213
0.8873627237310737
4.490374625287785e-05
0.22861638503643592
0.6219490594604304
0.7104613638092607
0.3993244903837547
0.091561515213201
0.0908120638989891
0.8266750618028992
0.2218186572321199
2.8657813983201663e-05
0.03244956764923512
0.790378090980228
0.9085826731113444
0.17472538743570848
0.9688545988340367
0.015018215737302443
0.18165872313410403
0.9532708674333862
0.23188017395120714
0.35423189596228866
0.7179717181528233
0.32500017599766307
0.6080328806365257
0.5929430315571995
0.45632760430289226
0.033185238708346665
0.1720139908795788
0.3170013361506978
0.32177461373827665
0.2886069767583127
0.6262771274028994
0.010653873387875601
0.008254637331543524
0.20549446982158992
0.05130384678855249
0.2941925179693399
2.8181139866134686e-08
0.5259516443088875
0.8637751567042592
0.5997707632402076
0.6372069026620197
0.03610444311753125
0.6900056619767128
0.0494781668204447
0.3042743619802136
0.6619948500711242
0.01662255672907831
0.07727782117261084
0.028789418347208162
0.0027291579933770294
0.7487377179887584
0.008802928006314437
0.13864648935854101
0.5776478138956532
0.9800608883909124
0.24323628458054958
0.535028091662079
0.9106658015735105
0.002869591611301958
0.006013742742736472
0.36426782103669875
0.0027163876039020263
0.006160691868698498
0.5490895635790455
0.6680452362109597
