0.6520548214504317
0.9592664360234782
0.25416590542914475
0.32843002227711104
0.8199086696679101
0.7442080638510833
0.7067181610538168
0.392365864615027
0.2360854894086264
0.08728856682508712
0.5099455654046845
0.37450274421553087
0.443186942738081
0.658276540875556
0.5616058351966415
0.6538933346688192
0.28743696657188134
0.11600288473644017
0.5726595202228437
0.3972935156957089
0.6901497753248206
0.05739205784367097
0.5757075396133409
0.8310073748693951
0.5430448610914972
0.03395656430931515
0.5314107377042636
0.21276854098821407
0.19375823950973
0.7653316243851529
0.2963095841205601
0.7477979857011863
0.32017982019250324
0.6514321725405061
0.6708826980915387
0.8549177089297706
0.15904798115944208
0.3370412560846888
0.10906829699095599
0.9527647216262587
0.5635870905133836
0.5658282324938065
0.9763001749996172
0.11601545247903844
0.3800295929030766
0.07440070081752251
0.8540119738290048
0.7554097151561857
0.36515306890820365
0.589295299168904
0.6816271393109381
0.34689516806506265
0.020616011106362374
0.8078844928637305
0.10148018966764671
0.7619510279763625
0.13972387485490115
0.04985975568220388
0.9782413851701618
0.7486513682471057
0.8778615254121107
0.85571585476275
0.11805207390878969
0.8658582497373362
0.4496665252856866
0.01330576602492213
0.9661215714692495
0.8418214998153345
0.3607241177676634
0.807957886313608
0.3979461820760686
0.9742303949095557
0.9112078438981615
0.9473022821927646
0.5863993864462652
0.07139618499729722
0.6667176191655059
0.2505854126693571
0.5526532478223196
0.8803219279960754
0.4905453729530438
0.09994164155087515
0.13259756129954003
0.7994562727741497
0.5040861427024153
0.3029514318019878
0.7848819406638362
0.6657571353109786
0.3781613947889229
0.05372785085977023
0.9900947773969662
0.7564529982130009
0.4298528852821537
0.9086299818151129
0.034044787060411474
0.8961515891506082
0.11527995332281134
0.6799600132847532
0.7974611997965704
0.39831396602408264
0.7139962989726584
0.049393265361485694
0.9511992552193697
0.7960496681407793
0.16935095678165224
0.5986142516469427
0.17935281584927787
0.015332984183276999
0.20047917028632173
0.2660325963502643
0.9326408941506588
0.7787694118442088
0.2749790496423092
0.2461064983417831
0.16506568240549546
0.4479751664580842
0.05535337985228029
0.20032660736680752
0.7575207755123405
0.18607106230231407
0.31169869205096346
0.3647921038098396
0.43600482915807304
0.19216134732822585
0.7536855786594201
0.9096414983970131
0.3511248496843268
0.7989319371760826
0.6175381661817596
0.9938159888353778
0.9575551512224152
0.5877125926426396
0.5009829201968257
0.1237383862997416
0.5187248023285728
0.6079394540618818
0.7067712656167062
0.5713081997071469
0.9698476375793434
0.37733101804539726
0.8111081911000533
0.8089199494915815
0.4376147178385319
0.5434485213710814
0.6447911503529736
0.5573313043518571
0.308039839027586
0.4342901642666994
0.7689686355429313
0.8711482883772931
0.4946680656596909
0.4003621594183706
0.9706738045790341
0.34747806035214124
0.7213990494396727
0.7626515566441805
0.5704184405090689
0.5414803199304539
0.779703114868981
0.08270860417847836
0.40607006300422177
0.3324930259701127
0.5755619476612222
0.09805767851674774
0.960676965076676
0.35060025067265066
0.128595669238057
0.722844801157796
0.3701111813179843
0.7485573431455521
0.8293243821798999
0.6657024785573171
0.4301418304823035
0.5192827385179375
0.9350589662358166
0.6661335410225211
0.684708237266754
0.6288761423116419
0.45605535664801883
0.2195676444809569
0.5408079567202626
0.25510262424221636
0.7058788327069097
0.5371824504010383
0.6957924184524467
0.5631149823425032
0.08130363821805378
0.4137838116103374
0.7494870456455783
0.8022677063873822
0.11482084885958144
0.5405187188283886
0.027492519053685566
0.75334031049259
0.6480013927734867
0.42364350446841875
0.30409592526687956
0.6422550206957648
0.292760103246007
0.015687386082195578
0.39186949599960874
0.4519421268292829
0.2407007568665369
0.02383958352596038
0.3380774378614043
0.44710567523497313
0.5844531014625433
0.6808690348899665
0.7266495627062922
0.9171437541288672
0.6058025244699081
0.49788883006151224
0.45012265990033473
0.8989766920396207
0.008389401524226958
0.9434233721415997
0.9650991164217573
0.8963199143273832
0.20947893670915585
0.6310612343253339
0.9021371123399027
0.5501094437228766
0.6228510090192023
0.19377324633758122
0.2007851485199592
0.26141205736184325
0.4543370281132096
0.605450182842129
0.5302271117604371
0.5693615586385825
0.19516691868928082
0.30414902096423607
0.08081921508558809
0.9448398666506476
0.6140266038264125
0.4292129292086612
0.891212988061427
0.5573852642546854
0.018979299078764056
0.9020494322942363
0.8558747802478112
0.950259322738878
0.7477322758092024
0.24238221832096804
0.8355826196143359
0.03275714373933534
0.344608919255599
0.055387016112704135
0.046566816571098284
0.6850149320287953
0.6105413196691635
0.3806955754525294
0.0020310572526869297
0.3965262103472867
0.16358233719373816
0.5019970108725522
0.5310812474772884
0.3079394219449777
0.8869163991868381
0.7906868671551925
0.5129975932450122
0.4517654096821673
0.09894929759112175
0.30918561637554687
0.21012304791534342
0.13707730594730358
0.06600277039856528
0.4904115076048492
0.1046998633870806
0.9000197183555647
0.9256840090510161
0.4060659918852593
0.7578987557204117
0.8507450026037827
0.7515145783898555
0.726633927186499
0.46911336300130246
0.609281737879344
0.1356877795505993
0.46730362996969554
0.7569558153442715
0.8415283198294479
0.9737306798286329
0.3186032460234689
0.34332741421723734
0.8570555878233794
0.05685609460929956
0.8806750804397934
0.9451852135832017
0.9282581351745087
0.40315768967222265
0.7017092208558176
0.3720893270977111
0.8501717275703442
0.5083841289467682
0.21547436195044878
0.9730498513693987
0.8591437188582214
0.22846251747088658
0.8523083946862915
0.9597137539631979
0.9805006398318807
0.1128886495271002
0.41634992354355793
0.20851366299348073
0.46789429430652324
0.7593933463949105
0.8923159673646439
0.4446319166545781
0.4433674572101485
0.522502946144755
0.06974712360264035
0.2971130509783413
0.5545621600159023
0.8177708576565412
0.842035208349369
0.5310703999841944
0.9057835690759857
0.015055515157849966
0.43955270303148
0.18838126529508448
0.4620220782583351
0.34255945754688666
0.08683855751233457
0.3540417915289523
0.976890148485747
0.8932055973353539
0.5432892678058003
0.9433607358195966
0.9033118107573123
0.32522270456464963
0.8443546859040614
0.6948823985160515
0.05453196948988407
0.5444111146491454
0.4279296432657882
0.004452196267036745
0.93126106054978
0.8721127324412199
0.4093837011743161
0.4044200264611166
0.4679246963054437
0.8519214614177704
0.9287784200163894
0.28823284966810836
0.30478945200223767
0.7929748681860201
0.6337855661758185
0.6336513262817587
0.8867739826243397
0.11070548524217583
0.3404321607894518
0.8938601194143578
0.20560789582327946
0.5349136303363617
0.5347111125844364
0.6641536279171709
0.34609572275210904
0.12922492816667747
0.03969882475324108
0.06792001586530061
0.6000998863150737
0.40752153043923345
0.6550495413535442
0.6124913812727106
0.10041974915277141
0.6388939309759583
0.7280948490949641
0.4441152415516363
0.7562804446680347
0.3423039871792781
0.020892410329644118
0.1412182967973391
0.6037351145771314
0.2716916275223962
0.2476002091039553
0.6706459190648697
0.16839432851550562
0.8076370778784543
0.4265691133712286
0.9739754762051618
0.10577851101310319
0.35507952980696245
0.1370186199652874
0.3686024389875509
0.8528495150835934
0.779699868383182
0.3913779667318198
0.06838731285187705
0.41985422283284235
0.1217488475606392
0.18732308414521004
0.5448190589078166
0.6372098439234688
0.5718140138117247
0.16029476205284646
0.02477836160051128
0.21388801874160368
0.6500793922217258
0.7006354172486972
0.15332864921918946
0.5085173569990699
0.5245881718615599
0.18075013421707445
0.19672924331301522
0.688639891817401
0.6438611377106702
0.6826919603877792
0.5002376072965227
0.000244898503174662
0.31721824402119364
0.4962121546742917
0.3985946121178692
0.48020692163971623
0.38622826173055314
0.11227201136057063
0.8101244840493921
0.25476349051980707
0.3782857396078833
0.05035194988147185
0.975234191654393
0.24746015408720146
0.7510234829527471
0.76088042736144
0.186939645885295
0.004930241126038446
0.014026153902674867
0.41875655024927183
0.009112921770757548
0.96117231251262
0.81864569250315
0.71279480337688
0.19777440218105966
0.6348584633109543
0.7463883963491221
0.9258518171990919
0.7591147874205046
0.1580138366555524
0.7190563480378189
0.6083381725916885
0.47317941377352146
0.4893598856447634
0.6133103713740233
0.23698975828007263
0.6420113578582283
0.04509786364890611
0.14090084172826733
0.4231730379666583
0.6701732980911674
0.5673734239617384
0.2860078445540173
0.855364674142107
0.6175446754454753
0.8439329254280827
0.9172807050808888
0.4064900224333792
0.7089473498458092
0.35499284428848427
0.14646483145814293
0.2854622549981567
0.9960917818163169
0.47498094173260746
0.854918801339906
0.11368468185257541
0.2895323917651944
0.753178565953595
0.020487243645820774
0.675453769641758
0.2825138127381468
0.1298485509708941
0.5551978792656522
0.7425895732681843
0.4223560307319827
0.2972141848039993
0.9307713996993863
0.8649076185885891
0.7958003327610192
0.6162523833589274
0.412494492450292
0.8356635404545962
0.21456645131774316
0.7904876103789515
0.9227532102342202
0.7105924716858162
0.43046597597376457
0.5235143262200153
0.9276251636252113
0.7359771804853358
0.05177357174353037
0.2596686762272913
0.3721487822459164
0.7122942072099689
0.5978115016012575
0.14799683974660202
0.44137119717988726
0.9658509379806101
