0.1797898612515225
0.05189981462249531
0.8152222735253023
0.381395623456682
0.09065921979521674
0.14596480124937536
0.4946497286401106
0.9569510251388109
0.9049925144711921
0.3628903414297917
0.386736332000626
0.0021661096066047736
0.7136495740131312
0.6885744196069264
0.27370491138839453
0.893034417205514
0.7988976665225307
0.10974347016617644
0.638160739549927
0.5707843996938802
0.6092389975000152
0.9238943779542486
0.2021658908223087
0.4453918010015269
0.6971682425285264
0.7617944488496317
0.9385238462326586
0.0610388293286056
0.6965403051360091
0.06798183496366289
0.36316588280543294
0.5638710170808271
0.51845414216544
0.008869235881418858
0.8011613029113716
0.21272701930458635
0.040376416050247825
0.2998842595277
0.9484908485894792
0.055634793871119026
0.24835416390041218
0.8438131896418788
0.6769263015398691
0.6809299166607157
0.114819284992119
0.8016223901023376
0.38818984047014304
0.6773868875549904
0.6437581389201379
0.9701355031368342
0.7367643071994148
0.22854248225372983
0.6141161471537784
0.5934853291124106
0.2374320233447102
0.4953287679753735
0.6226261957304652
0.17408661513506637
0.41787515466021086
0.3086422556194433
0.44165059662963047
0.1602347598524625
0.05980559505022609
0.3999160378020232
0.8777662994408959
0.13234906693087173
0.08319943830124467
0.38832515543833157
0.6853309046484408
0.5141336277793652
0.8783420633721326
0.40720808363618644
0.68592945746596
0.7772647063700177
0.07624632071655402
0.7003253257457925
0.8075210856827477
0.28442145017713677
0.7737594855436414
0.030721681427332538
0.35207100250463175
0.19323102018428936
0.6828081367742895
0.6336512808547112
0.323629173948345
0.3987564975657296
0.3461878727093397
0.7951330693746901
0.4508356177677584
0.46163311329977663
0.13623975604490446
0.2915800771938897
0.3407707035294263
0.0920664823110331
0.49290650451796636
0.1445642112938914
0.2555424489290059
0.4779615218859721
0.5623812168653521
0.30671579933036774
0.4885830190171767
0.33554734894660726
0.7874469472604033
0.11480397643065365
0.9976946814461767
0.2911594897608544
