0.19297591320287588
0.9652412531002716
0.0628092106413853
0.5808595864344123
0.19229401603774254
0.015755218385925057
0.2098766343736102
0.8907215684104388
0.444146137882487
0.05559471354565981
0.6579454094936581
0.5275953340442309
0.5563709629713135
0.5070368655716437
0.08589502052308054
0.8925190139082857
0.2886649151419922
0.00186721906624987
0.17362805404675452
0.16422582566953703
0.09784835092503785
0.2352783674507371
0.00359646345463549
0.7238813481408051
0.8637931739335996
0.03590681599683947
0.28596717778054304
0.4187121870849253
0.937462815854699
0.056857990712705364
0.23880421222763704
0.013477175538875397
0.3889674100750695
0.1766624862453911
0.4531711549042542
0.4572644195477967
0.3184039456676984
0.19033771318918946
0.1428939176473993
0.5938607421082943
0.9380397085005778
0.9898466350575483
0.28469623811204836
0.9108504557903516
0.8715309834259936
0.5026521133919124
0.22770092808761278
0.5700159955448028
0.9485718952539981
0.537189115858806
0.8385783156844537
0.76760331869799
0.9698642618471561
0.30038264906843604
0.470207506262178
0.22603599557767742
0.988540843404
0.9548021038520191
0.5613369806381687
0.16649138048089873
0.8991791139369196
0.2154564780321464
0.08611437125189206
0.370869304897207
0.10430299041372329
0.7485401651113828
0.3234945753505962
0.4472920530239477
0.3967562500784392
0.18084883225861015
0.2650054118370303
0.3914177309525291
0.4204349915099568
0.1385480005989761
0.5317924475032928
0.088058745547381
0.5091688992609895
0.09725233003275657
0.2757088933690983
0.029384075541851518
0.08031000890839302
0.8843554801012479
0.44803511047119104
0.7885240871412589
0.7733347663498389
0.15921923836191465
0.26284655790305317
0.5309053951794449
0.32447339648622076
0.004718512073839876
0.21974259081260664
0.8977909897751988
0.10847151063147509
0.4610310781927311
0.8603509733001964
0.7164225134438973
0.44343685590063386
0.6828672211261724
0.17488895539155722
0.9951864723629147
0.608459292885628
0.15408932183694368
0.5120199962822266
0.4538236107939429
0.8608390012978342
0.08655895076138993
0.582485962375376
0.4626733364936233
0.5648505710075902
0.1265604714988542
0.6678654540660112
0.8289208097038603
0.9687658002061399
0.46569877652235325
0.7171517243511205
0.018446895771322937
0.6535913767392263
0.9358289116244279
0.2544474222578085
0.09994102916281089
0.037469230425327904
0.0431612772167932
0.27802300173095534
0.1347009608802086
0.7397134099584091
0.09343964458797305
0.4603097139174951
0.1299729874551171
0.5791788568255067
0.003555684087370503
0.8630878535716275
0.5575681444627709
0.11126640168245322
0.7573353748084336
0.16787034720161992
0.934955339873629
0.45097810131044663
0.6128736717243457
0.6012129665833401
0.46155456086677993
0.19933967032272282
0.5419041871110382
0.13057037487279974
0.6915510497770738
0.6760775265184731
0.31182184796456636
0.7190014225009516
0.9709322876992194
0.8501604247601589
0.8120132972406188
0.24869423729888473
0.5105763655938624
0.49154664165736417
0.2087088625963298
0.7393830701580031
0.7337384232932529
0.9952000884893151
0.728800554669498
0.042622371010080026
0.44498082436450087
0.8334790483205062
0.5067262257782827
0.91420589068184
0.06994217097129711
0.24605314114447302
0.8040493350939567
0.7762538503677165
0.35961117521462116
0.6850636779537809
0.9416963550253952
0.31959608341618617
0.030309662231153216
0.8943837507798282
0.6773404156412179
0.7246220366299316
0.07237107297000708
0.8297546187016637
0.5184496304975486
0.13936230398837732
0.051867485259053936
0.25588430936300977
0.24799079509598448
0.9424367166692342
0.00807710008741441
0.9756449716130844
0.07477081698859567
0.03765063392227065
0.31248081423273477
0.6307858283739773
0.4280223705864745
0.6429772271032081
0.7574097093018202
0.5186292670985597
0.6180040544822374
0.49041425620771306
0.9564068497132956
0.7807035533543549
0.32047452698808143
0.13217245458156696
0.41336704412805636
0.6468253740125102
0.40303255667124765
0.5920864718682974
0.5689910228708375
0.5029544163624531
0.32652735018983853
0.7678533293834298
0.9918188445480562
0.8312184727882495
0.8479769527001787
0.4907760254722553
0.19799675842601022
0.9172904200266196
0.47210756390228603
0.877100937971772
0.9502157636539112
0.24097450595064207
0.3015572783933558
0.8130523414510744
0.781784191933843
0.7042879767215549
0.1181731427755317
0.20673615347186763
0.2931031698257394
0.7012674810996598
0.7688396532415818
0.6954719662115048
0.8439833953030089
0.2675318518930866
0.6617874793941598
0.6657081469430035
0.7861891580825329
0.2871058298752805
0.615477676389983
0.9006020443010186
0.18958742608783208
0.9838388041809518
0.8698371107180196
0.7895547483885117
0.769502416478955
0.9434107776939543
0.9598852735203717
0.42013820434988547
0.10239564084226971
0.16122951215243497
0.1273233659085022
0.4226294460216322
0.9405119390649926
0.7781568186420813
0.4476521946815675
0.026602019443459902
0.6794648001220792
0.4704702070705229
0.4028168479463346
0.8754092730761751
0.7127797109108336
0.8747976328321303
0.5328638695893568
0.6911233206662535
0.02606617827165918
0.5655200453715519
0.4123638222239475
0.6161730905548553
0.46077966271854803
0.9329227704906321
0.6208941892983962
0.13099541165893736
0.5304301520742014
0.3127106917289084
0.062477243927816284
0.3048972479256613
0.9495891983136157
0.07109487684059188
0.33233694566955774
0.263975260934204
0.2635026103143912
0.019290872898078293
0.4500241264129259
0.15327736180619622
0.05034498446729341
0.34969475229472796
0.41898841611673043
0.8054432527375281
0.20775497045424307
0.7647437527115992
0.6058673372328055
0.10928328090522918
0.9200168750700688
0.399932483222916
0.19508793995025722
0.4976412899562121
0.882572743783308
0.8465425048603823
0.35601811022971264
0.5900068890720394
0.250609700377751
0.8040653202108228
0.5537303501481685
0.4424074247051091
0.9048364370166382
0.9884594261480915
0.35110730654163297
0.7644093495351109
0.4647547187002006
0.8830913143668637
0.6238870292524856
0.0010777384482663077
0.41758347489247033
0.12421890382424786
0.9126728796372681
0.4159099647181835
0.41328621304937857
0.9965740144202759
0.7313757919846589
0.7726630447077301
0.687766858376597
0.9896745256616011
0.6097814254124281
0.46171010716031086
0.21145415784920749
0.7497049982097568
0.08780891368788583
0.3923813810207879
0.897449672229877
0.3436746005994875
0.9135772550572191
0.5179319320865001
0.06394256951392352
0.42127875924319813
0.8262235821666242
0.15702292566303155
0.7937875928544482
0.14693304715124966
0.28048788261570645
0.5303448347411661
0.9164441057774708
0.6360462171019816
0.6394378471013225
0.508182970652217
0.13763644600057012
0.43145271074739755
0.8529152964523915
0.00503057863753642
0.18278393434809415
0.4114731654080861
0.7181622784570514
0.7725857382782642
0.7739856064191906
0.28861093861304643
0.23054251751084312
0.4685085852053634
0.35274087014843514
0.3868812697008248
0.6432700004254182
0.3013439490809135
0.41618789781151766
0.9017244636547053
0.011029159843092495
0.8348573314899481
0.4971461811808524
0.7870065826758317
0.6497841894728486
0.6577867616250983
0.274442361039659
0.48804703325779175
0.2655916502164025
0.9295871608730643
0.24260194014827405
0.865023019059277
0.5206620889862168
0.5374956078023603
0.10650214316848494
0.2827860424509341
0.6519597072792856
0.6002961151650608
0.12670161199476468
0.5272562312261517
0.6867246661869588
0.21262232956018606
0.6457717208067135
0.3935462806137844
0.7065241259353816
0.03341833784367765
0.1722886278444732
0.1723616907350669
0.8514928877948829
0.24878613780256376
0.7986393791125119
0.022570659922548586
0.010609297931927886
0.8680000995233441
0.7604437523579942
0.0010524033393021917
0.4081906167026259
0.7094952885473453
0.7848939904757448
0.4152026552911585
0.6301055602116343
0.9622451592908333
0.6522362398017844
0.5900671652665738
0.9688815800371456
0.7220144182440114
0.2702362692843737
0.6576374289276704
0.01729834254669771
0.6607218375329574
0.20955182221753343
0.3559988807570511
0.11717027309927183
0.12727744511077918
0.014417006656366027
0.5582903263177128
0.30840334220675225
0.6858719631164076
0.9979654930994578
0.7228617779797992
0.8918064240354846
0.608260759002694
0.28676763563233076
0.815273248861591
0.06261921178210184
0.626680272653819
0.9543219850512827
0.4972479069127283
0.6375317021206348
0.8384764517904493
0.3418537036837508
0.5605634648792408
0.5918157701806299
0.9200214821544693
0.4116340171686261
0.6818759419964431
0.7681655016437858
0.9494363309247202
0.31824121269290334
0.026044142588850905
0.37276835825382804
0.07708290011593627
0.6838495905345106
0.38919060641936754
0.5923975345117477
0.7363960239665672
0.44274839334335025
0.46158295729823684
0.7435652717668849
0.2469153800693328
0.06851986994684012
0.7080182571961054
0.9900375504451653
0.5783184257178698
0.9855334718847739
0.3141159190547025
0.28209652252034756
0.01128803582157345
0.13901248312796546
0.9490780271757538
0.2988582796047308
0.5795554985938736
0.45343519431024454
0.17723690109860146
0.7681837734169008
0.9831552565989633
0.5335069321031611
0.6880368857893517
0.600631289995965
0.7968894452716118
0.3937460106287489
0.5014517880366338
0.5242501677563065
0.6185285564327272
0.7164236255136216
0.8678152787282238
0.44805864961531366
0.2739303663326773
0.060703871473575505
0.3541407094685307
0.9584119380692229
0.8232494653967202
0.5902252251079189
0.7611309643288575
0.061151311621881414
0.9855593356652135
0.1764374623190477
0.10732339463536733
0.49007842096539234
0.8611601791139893
0.5621230540293982
0.7214278254338643
0.6104208707152805
0.6744888821633339
