0.17978993540541688
0.06564779131886576
0.8152222735253023
0.381395623456682
0.4138983277082233
0.14596480124937536
0.4946497286401106
0.9569510251388109
0.45686276838731255
0.3628903414297917
0.386736332000626
0.34404218362688627
0.767235988719086
0.2845239860903128
0.893034417205514
0.5026040841614963
0.9833405734319409
0.638160739549927
0.5707843996938802
0.6092389975000152
0.9397210604564861
0.971889173189802
0.15682530377906745
0.9947573635488602
0.7617944488496317
0.9634571886172443
0.32333139167337893
0.6965403051360091
0.5468456849218364
0.36316588280543294
0.2620836515584293
0.5184541422369826
0.7306712385693735
0.8181295102566495
0.8449870021295367
0.255656035118457
0.9679963289494771
0.03210787754444615
0.24835416390036308
0.8438131896418788
0.6769263015398691
0.6809299166607157
0.12159901561672873
0.8016223901023376
0.3810767256269754
0.6773868875549904
0.6437581389201379
0.3723268566435127
0.43774091246197866
0.43314923780589115
0.450709013972056
0.653152700630858
0.2374320233447102
0.5135286900348695
0.6988059899025082
0.2616725169085578
0.41519801822686286
0.287346823295271
0.7625738331118916
0.1602347598524625
0.05750776870843044
0.8544748216383706
0.7240904463439581
0.34539661029198565
0.5655548094988834
0.42907212155916585
0.15117384008301554
0.5141336277793652
0.15171965875965066
0.40805128444049776
0.04420345934370462
0.7772647063700177
0.3925381624650044
0.7003253257457925
0.7171677752406755
0.23474139239135064
0.7737594855436414
0.030721681427332538
0.35207100250463175
0.0207684905978689
0.11087646759046499
0.43276063056232944
0.37942866575781126
0.6894658152273536
0.22687043867759327
0.8751617668501812
0.25645999693715704
0.121317531412509
0.46163311329977663
0.02957591897664491
0.21302133122592726
0.4933005903826213
0.3376936291310697
0.23505375903345804
0.2399546861497961
0.1930201023103506
0.6236001979930296
0.5957497319989249
0.30671579933036774
0.48970405318967924
0.14357783707314584
0.599824611635813
0.11480397643065365
0.8966321608660394
0.352512843831736
