1.2323697617944163e-11
0.006219683985950741
0.0017453803018068204
0.5360372583866326
1.5873376517649973e-05
2.9438404127946072e-05
0.4506173085672118
2.9267813036693013e-05
0.419619905076045
0.06736906166113021
0.000769808719432552
0.20418909280438724
0.0003361644026032007
0.34536134211072356
0.8704233076259327
0.004616259864020922
0.119145384370001
0.11593737359492895
0.10627640246864238
0.02663765982775801
9.729998128982231e-06
0.19500449613325022
0.6117046782545791
0.26655968369574023
0.9041652921232515
0.32230000028042616
0.0008260141250793218
0.75774834518726
0.7482982179252126
0.04849850467484407
0.580378284288644
0.4053801623249802
0.0020165239116822775
0.008800234477720492
0.5482955015900086
0.23480886111532295
0.8958889714134555
0.6372468518365564
0.6501452610820986
0.46116820479390475
0.035415790876605735
0.9848431586439412
0.1082853043381331
0.032258023091115806
9.398456934373023e-05
0.05772229346281921
0.5966285835113563
0.05218374972403916
0.19760200077365364
0.040630685890206575
0.0015973642911388808
0.034188897832548415
3.593236819199319e-10
0.05902974058654875
0.04634911955878507
0.8165746920199854
0.08426329559039902
0.068880120294744
2.5295803229852254e-09
0.05228994400212916
0.8591331510800891
0.2331805261879898
0.5933538167398946
0.0026154406992082713
0.29705541747693065
0.004361948531332649
6.751890988532239e-07
0.012907566905488332
0.5161319898507768
0.06570231652674052
1.9885695722088315e-05
0.7984162494829781
0.8934780708809744
0.0021640005943304175
0.1404857812328575
0.1430124595722091
8.352486508322876e-05
0.23031069366552082
8.683424958877417e-05
0.02251155513802572
0.012889169610154294
0.7948447169032158
0.010746477136015953
0.006295671605331288
0.5541489427683315
0.00013710467125904735
0.7016774792648817
0.7943608231568141
0.8055527458885798
0.006348943368513549
0.14204641574254429
0.5455527732371421
0.26785241041671815
0.25650144897374627
0.24710971548748195
0.9307552833126829
0.893587514174284
0.046093372819103307
0.016012667594335506
0.08514638801092467
0.12184069592718583
0.023229409420952418
0.0014749747548552516
0.021378076813103997
0.00038288991935475636
0.037002336779975
0.6599949276760044
0.16360731990262312
0.09205156766703881
0.14733833764652512
0.0042134595838430045
0.010987167400718256
0.001022898927201643
0.14606405662484478
0.004192800072862823
0.14266233721340194
0.13254608901695653
0.01840711703373943
0.010070512618951533
0.38970404673628445
0.0012040627385834224
0.011817725516632516
0.13471808535640628
0.16710592907242816
0.021475975468350228
0.9046445844502424
0.03987504006567821
0.8743431989609606
0.11156509548577098
0.02309533480143422
0.03263073563037788
0.8575011360839762
0.7100326241042065
0.39704444342816
0.08269707402341853
0.6791941138785744
8.293218974553263e-05
0.010051662294649821
0.9579402022441058
0.001132354641333544
0.3725717324909352
0.023157341540946508
0.7525458442851036
0.003389125549640104
0.00017746603264878757
0.0003361722829364755
0.02925597757468279
0.0003009947112329048
7.771960424940438e-05
0.8253120936218139
0.6010607994676933
0.5203606458645187
1.6662120572163985e-08
0.01133882387506957
0.8598238567968357
0.4960444383713285
0.0004008071338019725
0.02239108861856476
0.18577253638036084
0.00021723473219958933
0.03593353651999953
0.4376446726918695
4.8784783324151704e-08
0.0003697779583677896
0.00023457379276803358
0.3482890560259968
0.0008802122426998515
1.3696955326603089e-05
0.9006919083550913
0.2846348465405648
7.747912005307e-07
0.022674273615432172
1.1953239310136254e-05
0.03585060492448866
0.10918892637412103
0.00045256071075749915
0.2737748288761259
0.3656487031139417
0.17115709019571868
0.8598846969393057
0.0001744478438152619
1.7333227149141095e-06
0.00021492171244719138
0.08943270361969846
0.935093373969578
0.6806851604852493
4.045174826505793e-05
0.05833486089034512
4.4782509700525e-08
0.023620122250235243
0.1954512043313985
0.22626386454755187
0.23440997361753776
0.010087706693056031
3.346299171091971e-08
0.866358724710198
0.3278139883585143
0.0034062602349829163
0.18938382884613225
0.2696722306678989
0.12323818181283319
0.19652551196171558
0.0010803548711340039
0.11464286730652118
0.8170144585074164
0.6272986649976264
0.2794101652120464
0.13578139848759307
0.05016632015324788
0.001176610117723298
0.15256265653573697
0.29752265834896807
0.04654955769772484
0.09057635358206761
0.004718399845061505
0.01191434918329004
0.1932549046007357
0.11512994252610831
0.5446631251510583
0.4724309218227434
0.33496391264111186
0.0003146194934751101
0.021942808687415383
0.03556281882238266
0.2988295032784498
0.00026485129407438635
0.01809919789621728
0.006357927847393308
0.8051869244815517
0.3296160240648478
0.99346448096125
0.26961929928177614
0.1624044024726874
0.05967687562678603
0.6330522435435222
0.0033532559294895403
0.12721148887454836
0.12330762310759824
0.27089246831775693
0.025058389348966637
0.3401304480997187
0.0003258680309792261
0.007674382385743028
0.9117415301018196
0.0007365820181863825
0.14374413194599867
0.5912846057167989
0.9227273149501047
1.591524865229843e-07
0.25419878506633037
0.01790741287588382
0.0033144157083238035
3.858367770859239e-05
0.4594484184481771
0.0008724655126659542
0.0051151931745005985
0.00820744512395466
0.45963176621913493
2.0893799868026974e-07
0.18529866170168763
0.8019418442402235
0.01773137624490473
0.4750441988503804
0.8498733480360167
0.860005099039652
0.6948706830846159
0.3869823635739911
0.5075569282166881
0.034405581974432886
0.5555602523615057
0.0019041109288506775
0.040521831342991144
0.0018385532728690812
0.3535672979392861
0.04850772829383887
2.2967192186307273e-05
0.9371694861754962
0.661231483337894
0.0007550788255670238
0.6483456657407372
0.5226758056368729
0.035436393679664446
0.10255169477578076
0.9754000011992076
0.7834845224330151
0.00026488958796377915
0.7493163176871407
0.03862345571329695
0.10858266191630639
0.16641639696391325
1.9499516890064683e-08
0.7517568646692929
0.08047480212122604
0.09701270102040538
0.004473197569115017
0.2953547955448952
2.6162720327738143e-05
2.52519627597092e-05
0.5810508180774597
0.26383217178364693
0.6778553503226614
0.8772564491034259
0.7015958319430282
0.15605186256248849
0.056993833873137945
0.00011128315028674507
0.3489862082600204
0.11319225621490414
0.07002869689878244
0.6041298312327732
0.994398515654793
0.008659487954702838
0.0018007735122285151
0.5098889103998951
0.8501975895393333
0.900962655286532
0.2035624599370287
0.011884742169230966
0.24764934254593896
0.022377669898527852
0.20153055705578818
0.00097782507219768
0.49335173104329644
0.04691313236094463
0.6041102643007825
0.00020988301097069062
0.0029307079914979717
0.0003881525534992214
0.16379806390631635
0.0694212262151781
0.061264038326940495
0.38736319203168273
1.511867984138604e-07
0.7517652626235831
0.30261388251397126
4.4904316173211e-05
0.6740087128461993
0.15111491591770188
0.32770292768525333
0.009143780348363162
0.014428822312967604
0.07983987919143676
0.36013934597605335
0.03296658796869023
0.8266555522789361
0.2758121710227235
4.1765853137532005e-05
0.10692776894724365
0.46585173473147345
0.00012001441491271692
0.0012560929591258763
0.1367270638723843
0.0008661870223629631
0.005679371350697959
0.018741047529836408
0.9342198562528755
0.05787106875789925
0.42051061233732967
0.5562882767931225
0.0005681116426037303
0.1125082601962446
0.4574673886678846
0.1845895014374457
0.0044861246560881085
0.7644197131886534
0.6307883955737645
0.8255602078702018
0.6544837614481067
0.3417941942523716
0.3645138617775025
0.49671341177283934
0.20391428035043657
0.6488729828729622
0.6552423070935547
0.005837249389066157
0.6418322557956193
0.2622726057543907
0.5277598094193279
0.8390010354762507
0.0003747724129075092
0.10609750384883032
0.24248397562788493
0.005671696906787149
0.004756514947245494
0.28852178051291566
0.0013478037977365798
0.0020876929173736514
8.975726923932115e-07
0.07379288612909685
4.349979908102597e-05
0.07383123793852975
0.0027554840799277613
0.6913379862863139
0.07996048774890685
0.0942751443494978
0.8628508326853923
0.36944787557924164
0.786693339089169
0.003838784521744243
0.05740108421714907
0.01462926988306057
0.6214623201831486
0.9601463647129062
0.11607702821269927
0.21816036856622656
0.0034943240824958366
0.04718603871617133
0.10825248033344881
0.3108176895553225
0.45815287509128444
0.3865784535291521
0.0021915936228664723
1.2583871805471603e-05
0.576375642646457
0.002206645552441211
0.0002696617169131166
0.00027796945231362
0.00934233204582835
0.2060758756406634
0.012226253620433614
0.34989551523403195
0.0823195183238763
0.011002498226051705
0.0006812465782004562
0.5276902996182555
0.3938294309579036
0.5795298060764347
0.0023588111650825194
2.7804289381982983e-07
0.8368568829837035
0.3933917147061219
0.5904139611083576
0.16318243425969525
0.6252751450590612
0.9116103438955021
1.2219108993738459e-05
0.9101345144251228
0.8132345734787048
0.8302861614031317
0.165027470874203
0.0004020324056499547
0.7031094482298472
0.04565300206331546
0.48041339405865124
0.9205095657127478
0.3293674879736987
0.00016759716126846236
0.23096253104065378
0.42335668676761706
0.3954315319325442
0.14277255209608186
0.008738978115283791
0.4321009814616408
0.9760125077337543
0.42000590908240065
0.10713147005818446
0.0007811577074496867
0.7073952962964154
0.02224248047492372
0.0015573865623115246
0.0001691728019399541
0.44217814365049524
1.1892772435073695e-05
0.831172111471887
0.09521680959736334
0.000499436951591159
0.026040030875929654
0.0003034733062745598
2.397880600746305e-05
0.009293488022231955
0.22265451679743942
0.6961502796042205
0.6582534439172569
0.7524914850740028
0.0002863795812786396
0.018032966310238985
