0.6926864377549236
0.3134434894441941
0.6687465644300584
0.10858425770912533
0.6772903928521629
0.003105419754147576
0.09337021614390342
0.020466054202922468
0.12314397792406906
0.2861008305434264
0.7727390597541537
0.06327192712898011
0.4380665088096569
1.364203170428624e-07
0.9080570995073878
0.023699494733232518
0.7002062763559952
0.020830141173806105
0.8986203022156696
0.07342784009665715
0.38262575830380957
1.395472448706414e-08
0.07178497377705995
0.8704995968885456
0.45763446753261683
0.892000905103209
0.3390468147007033
0.7499384972261571
0.8780212295114773
0.9495470531864976
0.03916065889477349
0.8191777919605344
0.6581341701446617
0.0035463643884607876
0.9121575479446493
0.6628863518891173
0.775009140035158
0.515561797738216
0.22860157889800933
0.15741394037381284
0.4367837921055704
0.7550120647669123
0.09908420967126341
0.8266750618028992
0.8936230115467039
0.00020059991150267464
0.6420258479473343
0.7292115064394704
0.8343929382673536
0.4507210019195935
0.09431529443895958
0.002525113826714609
0.7906499906693574
0.5329282348852413
0.5578646555249247
0.00682609415402613
0.45586419574594794
0.5692284549828874
0.8452237687707751
0.14502926720251286
0.3431483999405145
0.2740226401373712
0.13037960999196785
0.2761619973998584
0.6262771274028994
0.31442675976456513
0.06946685156757271
0.2805100200661914
0.05130384678855249
0.6296276968273358
0.4080850867785435
0.6777469023185007
0.4676414104935675
0.6036705826799215
0.09440479669375179
0.02222675379822525
0.7385518070857013
0.5534880717700345
0.04244465236591434
0.6619948500711242
0.9043366506001826
0.18845857466613536
0.18751268165126622
0.09674256794180813
0.7640490813582141
0.19742228757370772
0.47871727245755363
0.5832807419124416
0.8711061919358166
0.3326464318773358
0.535028091662079
0.010441135225763176
0.00021839912006904605
0.45371928073758827
0.1714563858850419
0.0179356612682402
0.5490895635790455
0.8083429334293162
