0.6926864377549229
0.3134434894441941
0.07637441873651807
0.6569983495090511
0.22316580142193865
0.856340439938228
0.0026246298676784185
0.08798222042744484
0.020466054202922468
0.12314397792406906
0.029441745778210217
0.7727390597541537
0.06327192712898011
0.4380665088096569
2.829096877432491e-06
0.8080552299112862
0.016748886299606136
0.09842809233690711
0.014464642134886851
0.9017632319229201
0.07342784009665715
0.38262575830380957
0.22068069161611814
1.8563429238227513e-08
0.07118872148021116
0.8704995968885456
0.38010149683549266
0.8121110083691915
0.3390468147007033
0.7499384972261571
0.8780212295115046
0.964690218026246
0.031487731868802715
0.8191777919605344
0.8617141471719499
0.0028142643413446855
0.31892048880643653
0.6628863518890236
0.004036319897508813
0.7708239699315558
0.000955604039364566
0.22860157889800933
0.15741394037381284
0.7363855333833256
0.4367837921055704
0.3837762009333474
0.04874106716677162
0.8266750618028992
0.8199170016006863
0.00011924484836334237
0.6712396139353802
0.7519513297121807
0.14347036524431653
0.6612524876208338
0.5963781335958042
0.0944708496598392
0.002525113826714609
0.5754272757101598
0.23188017395122248
0.5578646555249247
0.31444640326508166
0.15508758355388172
0.6120662474642353
0.6339500164166592
0.8685898069237202
0.1483487457268815
0.5897688183476386
0.36710057223830866
0.20622096794800826
0.20450697234260823
0.6262771274028994
0.24976903290861618
0.06946685156757271
0.27513370533644177
0.05130384678855249
0.5199950178869812
0.13805361722692258
0.4122895942145253
0.8637751567042592
0.5997707632402076
0.43129057869525605
0.04271924447930342
0.02222675379822503
0.26837888666286647
0.5534880717700081
0.6619948500711242
0.856222132002058
0.17475612943045182
0.10290781051828879
0.12358135419976013
0.6568697910878738
0.2956223834118814
0.5443715688045543
0.5832807419124416
0.8711061919358166
0.341213891004126
0.535028091662079
0.00474953051840199
0.00021855459672392996
0.43300247736984776
0.0010755048073856077
0.6389668605035357
0.5490895635790455
0.8474280869673594
