0.0036098100953279033
0.5373379218099854
0.09436313526780138
0.8160404910246846
0.28852684915377314
0.8155821308068463
0.3431930913101058
0.4229621626219171
0.41587463925150425
0.5557820147035983
0.04139515318329872
0.6452908314481336
0.6791257528268169
0.946952654371082
0.43944152032934714
0.9651560444171703
0.3261405522712077
0.9305528334449046
0.04507267940903947
0.3976034275418101
0.7205545132389961
0.37876318393001585
0.800813701597505
0.10589129746315075
0.05723175106667666
0.7093998500637182
0.5348728106645808
0.14096922076091611
0.5492971367866641
0.5244093345285059
0.41405860102788616
0.8713797724176996
0.11845891290485855
0.879148643022205
0.8320012735988637
0.3879091201769682
0.32523972860883554
0.8096709183537723
0.896847487340713
0.0770284902418108
0.09469685129204763
0.49599261894324376
0.7347715568271309
0.5412189643719165
0.13419876891980437
0.7918419288676807
0.008073438023883701
0.6717762605024914
0.46566990896075955
0.12562083964548923
0.6344650138115018
0.438154028927781
0.5243436534757184
0.4602808776676166
0.5466991838957629
0.22558323325177132
0.12253041927624442
0.6072262869231493
0.5905793028897837
0.8002728679929905
0.29692036124157717
0.8523747347390498
0.013692485432899026
0.9408036435196281
0.21605923880270073
0.10871119691805275
0.6993963710222105
0.28013480715922134
0.6288069898374309
0.4998098579038076
0.9011041750552882
0.7410749250383823
0.3210798491697784
0.4522908725126762
0.9259942244264138
0.9444799962223968
0.022179580831365175
0.04963098426063728
0.029029666156085154
0.9435816689354305
0.3532831873797382
0.18352627474261918
0.973852659261598
0.9235407536666944
0.6198413969770129
0.9926070300740839
0.007856975435243552
0.8325430770181906
0.05335557851945327
0.2824400876872504
0.20409694143557022
0.6007109161480644
0.233685916808563
0.11243145147063194
0.3631553073668172
0.926900562787713
0.7263456636721077
0.033145276236717786
0.24131771045100092
0.10322029354608842
0.6353574473812312
0.32292998389291694
0.005118344157218679
0.8384732674587756
0.8855962010844751
0.5747886248430512
0.21978869403232149
0.9620974742525836
0.6561991496649
0.6585159378704124
0.05746789136448255
0.494372529439866
0.35238674559921934
0.4850168917784209
0.7433480513097415
0.5309929653019874
0.9357572687952895
0.817379104995211
0.5749595110523771
0.8634138802594356
0.4477875883946308
0.7030033611403146
0.2035198078745375
0.48976582490591364
0.2735103217676109
0.9206075445711427
0.7724786967125783
0.6642880447418127
0.4919245994949799
0.6590728595153984
0.6139271943240383
0.8820496235463832
0.6587822070775731
0.4868312340552085
0.46173354891300444
0.2565662792511784
0.15569843045515097
0.10890384542940623
0.9583473393735948
0.13423670528342746
0.852614491520293
0.8484560033692805
0.36235524375453654
0.7244880281817839
0.1078800503998647
0.9024229055857718
0.8386849697727847
0.12307110537691482
0.4209109695916111
0.44211479175771484
0.9040755482656743
0.2750311625890099
0.03048294361878212
0.6185298958793399
0.34268091771431736
0.3427653815635999
0.16944873577274921
0.8328177898027438
0.20692657512756135
0.01824024241852995
0.5477753492945854
0.011310265004855512
0.64639377971211
0.5447264057319924
0.3276006455916678
0.3990736562658847
0.5542192829761836
0.3591598320136107
0.24752435358526198
0.2952645461853347
0.9979359426677838
0.7175124938729818
0.9548180097695502
0.44427401967600616
0.5942055177799339
0.3624268950729138
0.6550147691026523
0.439273257421832
0.8949671832530295
0.13610360837704727
0.6174423341795631
0.02454266236672615
0.768155315953515
0.5440672746084079
0.7724430679136323
0.5711910687900739
0.9817798305139128
0.6092614123582458
0.8386298140233612
0.8850172369410527
0.3035597376120651
0.9306039478912688
0.3163642508725225
0.6677532162236952
0.03923563704407627
0.9029611739335679
0.6629362673535752
0.6340950109427653
0.4518493195521887
0.9699258593140527
0.4520838452716842
0.5954540132847735
0.6471597306830075
0.33681769394395733
0.8957560867721845
0.02354816718012107
0.15453662773043364
0.9856031246247836
0.9724569063572654
0.603938820544075
0.5959439215031104
0.6691035228172184
0.4557231408768485
0.8231248439322325
0.11471354023893232
0.9892827751588555
0.12472632446876308
0.2882255560503565
0.934987375469079
0.909869442757231
0.796104947875302
0.7483638559517503
0.7364248887455731
0.44171442862475785
0.562362310488252
0.9333792386887895
0.9436117656344798
0.863027004633022
0.27409019888889796
0.06964288822579179
0.9406219990666047
0.40645098411244973
0.15650739645223544
0.6440545246219617
0.4242770719379055
0.1831592963241823
0.9139121853455403
0.7202737069096864
0.872240545017072
0.06711944081248622
0.05519287072622303
0.5491870927705002
0.9585619635733158
0.27092667763584033
0.25645598888181786
0.5390799829551713
0.5728284544789733
0.13270247435922047
0.8344374079804712
0.6742870033744296
0.07284740829373715
0.39073207826445727
0.3168415928703672
0.07506048320005476
0.13852809611218597
0.06923440088788402
0.9007799915550789
0.713698583130052
0.18940319717663245
0.8937153889208451
0.4792630181685391
0.7107140850332261
0.6243404941599988
0.5344222371858793
0.24522484293413171
0.9704208403206
0.95631905210494
0.4488051666608657
0.5010676993340892
0.49512295670708667
0.9118679766693065
0.7969477852963466
0.010703460722449876
0.11300156932104422
0.6150739250897912
0.011657543743872026
0.7153510376279473
0.91824666707096
0.7878919209578488
0.4983170526576268
0.4956565118494495
0.32888784735143894
0.58586550809521
0.5748843748911575
0.15591467647269974
0.6152876371380571
0.5779463335065336
0.38204210320820864
0.5944363971197539
0.08972330514655116
0.5164063579321947
0.2688387074824472
0.14040907829485105
0.5226935432195656
0.31074881051673353
0.4572587692848413
0.02596472118517945
0.003910842476439802
0.7439876337933675
0.09776916366658606
0.9720534591020737
0.25110937926924737
0.679666684587714
0.3640063626572496
0.36877093239652153
0.21416878150943333
0.2947315522738987
0.2866562228967684
0.1113272855960965
0.028864019770136903
0.4731142826156882
0.7612943503240069
0.48743567782644615
0.5274044400041786
0.4721292161917234
0.2813860410396174
0.17716929628370504
0.5608431487828425
0.3768177104874445
0.040437863382382755
0.6526620662843925
0.30169372828121116
0.2974797920428449
0.1390107799996499
0.29847453092436504
0.17353603671938278
0.18582483106199277
0.2981238152011298
0.43620159767345257
0.29784087494763845
0.6026894892643713
0.8692969111206033
0.8913942568530718
0.5803599830147383
0.19164779544427632
0.038292586753333024
0.16904523166133667
0.9321600224771684
0.7942812626457212
0.5361441821545969
0.8511274029015646
0.5993742835171969
0.04208574601589716
0.39379338204868675
0.745070432825776
0.5235455331829948
0.1493486141309721
0.36687684369167073
0.7907511223182742
0.7873722813520729
0.8919921950687593
0.3948026203295306
0.6150274267656819
0.2896564643303916
0.36841857941426515
0.46084205556920677
0.9067178259373858
0.8245694580895991
0.7313308903260212
0.0307655161917868
0.3239308870239792
0.22803126547170738
0.566091451807145
0.5931171810311842
0.04996061287549037
0.8358423724925825
0.08271732571304573
0.6470647473173856
0.3533984449696346
0.16585923893120125
0.32953093357105
0.3683498486080334
0.980714896531383
0.517352389821258
0.16211783051198858
0.7845053372464463
0.7602327130520647
0.6624912266151834
0.2912330270205823
0.8372496679954757
0.5673323308768081
0.5820294068748564
0.9753808715127068
0.10191696780090331
0.5270037771837739
0.17551322404250125
0.4887515165082241
0.04510283926808767
0.552061754553833
0.1644252685896868
0.77855952206043
