0.17978993540541688
0.0692435399514421
0.8152222735253023
0.381395623456682
0.21980265688903655
0.14596480124937536
0.4946497286401106
0.9569510251388109
0.9049925144711921
0.3628903414297917
0.386736332000626
0.0021661096066047736
0.7136495740131312
0.15340658173251276
0.2845239860903128
0.893034417205514
0.5026040841614963
0.10974347016617644
0.638160739549927
0.5707843996938802
0.6092389975000152
0.9397210604565498
0.17535109477790795
0.5284848769310916
0.7751512537006798
0.7617944488496317
0.9385238462326586
0.0610388293286056
0.6965403051360091
0.06798183496366289
0.36316588280543294
0.8283954407485203
0.51845414216544
0.008869235881418858
0.8181295102566495
0.21272701930458635
0.040376416050247825
0.255656035118457
0.9679963289494771
0.055634793871119026
0.24835416390041218
0.8438131896418788
0.6769263015398691
0.6809299166607157
0.12159901561672873
0.8016223901023376
0.38121248167844
0.6773868875549904
0.6437581389201379
0.8773055234874254
0.7223939777706918
0.22854248225372983
0.5078489441313918
0.7523080725448174
0.2374320233447102
0.5135286900348695
0.6902762244835096
0.2114101668068987
0.4553998465197966
0.31194461883340036
0.6487065870158624
0.1602347598524625
0.057322312795853536
0.5838321834291295
0.8777661253007579
0.13234906693087173
0.08032106549290706
0.38832515543833157
0.7371811164721278
0.5141336277793652
0.8783420633721326
0.40805128444049665
0.6697340416091864
0.7772647063700177
0.07624632071655402
0.7003253257457925
0.7171677752406755
0.23474139239135064
0.7737594855436414
0.030721681427332538
0.35207100250463175
0.19323102018428936
0.6366953029397013
0.6894658152273536
0.22687043867759327
0.3987564975657296
0.3089332163655385
0.7951330693746901
0.4848945558098454
0.46163311329977663
0.019777236852702273
0.04055439193383137
0.49330059038263374
0.1469266500543729
0.49290650451796636
0.1115325245058465
0.22535817002633962
0.4779615218859721
0.5957497319989249
0.30671579933036774
0.4068746040457707
0.33554734894660726
0.7181492932138798
0.11480397643065365
0.7985930813201728
0.2396479147948256
