5.885174791177472e-11
1.614472355529771e-07
1.656727048856703e-05
3.902436763442292e-06
4.512062054996364e-09
5.612612652902033e-06
1.7656646542368497e-10
1.7749034208378934e-11
2.7792041325023166e-08
9.968320707716596e-09
6.198583510308561e-07
7.604976409691695e-06
0.00026211138993738087
1.346371590503495e-08
5.982105856430781e-06
2.4576721072292773e-05
3.677498834699138e-07
4.530711968575125e-13
4.187858378384612e-09
1.867197223646476e-09
1.744652399566782e-09
1.8480937638281047e-08
8.9021200979285e-09
3.0210232954712477e-05
4.058626048103801e-10
2.715438658448916e-08
3.710760329077058e-11
1.5039544315870327e-05
2.1295586524760573e-07
2.3655283410599113e-07
3.1422205791211184e-08
1.5201090759226425e-08
2.2025915484687593e-09
9.95264494889904e-08
1.0147927314845392e-07
1.2919174078341968e-07
8.521114671291918e-08
1.7816685641905744e-10
1.378410645683075e-08
5.850400564898609e-05
0.0003639253739178173
1.2685778140543237e-05
1.124481709967589e-11
7.401800172423715e-09
1.2859637887465075e-11
0.00019573043957173998
2.3609944234855444e-10
2.3441908851487635e-09
2.4705503420383815e-05
6.67693838983687e-05
2.588863448975813e-07
2.9918030609673583e-07
3.291164256753024e-10
2.87696719335389e-07
3.117458541579158e-09
5.483204368734262e-06
4.0222059277735635e-08
1.1243799971725944e-14
1.3636596303485528e-05
0.00022809636719392685
1.7941678450111853e-13
4.712147411077536e-05
3.968221308747328e-10
9.856500670362735e-08
1.6885306971351356e-13
2.520653820522934e-05
4.516435039250167e-08
6.488540790938862e-08
3.2337488127898215e-05
9.033474269257166e-12
8.629530139061873e-08
0.0001016117327716271
1.2631019769746379e-13
9.00145993820352e-06
1.542573001282678e-06
1.4607899845709866e-13
1.6560176915936354e-06
4.46101085069604e-08
0.0001336460921625849
7.218785844566193e-10
1.7632772132870293e-08
1.0739637123291e-06
2.742984472750946e-08
8.730025937961942e-08
1.4079453793645453e-11
5.596996500867747e-14
6.18132845213127e-06
5.331961825363675e-10
9.953227407946429e-10
1.2669373920655255e-08
2.2590560220500757e-07
6.731591738287647e-09
3.262700219038165e-07
4.417724682373803e-12
2.103161237695476e-06
1.6322051473819355e-05
2.733330834997214e-08
5.973876419180256e-11
0.000255600403241682
8.1247641009137e-05
4.05254307453153e-08
0.001085104510410264
2.652179264343453e-07
1.5336353855846568e-05
9.176209223891501e-11
1.0008402745918716e-12
1.0294129344222964e-05
1.2120965612601764e-15
3.115762397041011e-12
1.3856552518174461e-05
9.976353008092775e-11
8.685832675437201e-11
2.8134816279783988e-14
3.773154881948697e-07
7.646676863089817e-07
2.870274924746899e-08
1.084419288767114e-05
2.2825740041640284e-09
0.00026221614473511177
2.8262708246372204e-09
4.557574339424034e-08
9.821695944715041e-05
1.7687268059810354e-08
3.381389973410165e-07
7.184846365052729e-09
1.6595768101048883e-05
1.4339727795733223e-17
3.7028119239942015e-09
0.0012084996088812389
1.20177353180715e-07
1.3030827016650357e-07
1.0887112425143691e-09
2.52520158745923e-08
8.427957931622022e-12
6.938838551905716e-05
1.5816560553723406e-05
9.839181334806075e-08
3.702220965562521e-08
5.4174325380999907e-08
3.9427252460178585e-09
1.9925981178375276e-05
1.820932046903827e-11
9.017800934978583e-11
7.496359972406636e-06
1.2087148114796884e-07
8.519325570471864e-09
2.739185100938889e-09
5.923039356218687e-06
5.5175128874266645e-05
3.2004441528282515e-11
1.8509454278792744e-09
7.3202561066955985e-06
1.111678048586676e-06
7.354125151120296e-07
4.278695240573509e-06
3.10748745828298e-05
9.051952637772298e-08
9.955618812492644e-07
1.5227327211615428e-06
1.969623958757754e-06
4.2120615556530616e-07
5.986443238008505e-09
4.896781569736134e-08
3.1425640640384217e-07
3.277045319263397e-08
2.115322801605583e-06
1.7236679589920483e-09
0.00157067869192296
2.0326226183945598e-05
1.5103865599895351e-12
3.5773060968343706e-07
1.4958014882786497e-06
4.426918019648544e-09
6.645216369753913e-07
2.9247583704032583e-06
2.8357679927734846e-06
3.27977262461406e-10
4.4138906401453604e-07
6.020572955135327e-06
0.0008129044930733806
1.1385919690787672e-10
1.7187077707127552e-07
4.4934753281443306e-07
3.12212962629722e-05
1.0493123883301249e-05
7.010910514609589e-07
6.822628857481361e-10
1.2298272135566422e-11
3.756920205229574e-05
1.8113162940544496e-06
1.2278402597787729e-05
1.1362547210236638e-06
0.003999414071054829
7.706906253194564e-06
1.4807055374586096e-08
4.300705630711931e-07
4.30414518996738e-08
1.5900577137733134e-07
2.7670822801273984e-05
4.0611895219288777e-07
0.00011577461338725883
3.1240463655838896e-08
5.059133416898263e-09
2.618765092100469e-09
0.0006055556338427039
2.047699118701525e-06
1.938699759435904e-05
1.746686578914685e-08
3.719522693534585e-08
8.017443582409324e-07
2.0666540409769994e-08
2.115526454695498e-08
0.0005259158686910582
1.1085052004171275e-11
1.9825578930259329e-13
4.909308029042642e-08
9.738588864223753e-06
0.0001828556156390529
0.00011473635204317225
4.381875957050355e-06
9.391854814584148e-06
0.00011332100611172063
3.711682662911507e-11
1.8394424532598234e-09
3.328503823043216e-07
8.7643408478062e-05
0.00037802307953264827
2.7925216722989774e-06
1.3333601436173541e-09
0.00010272040591674974
4.660432023786546e-09
1.1995853532128774e-06
1.6524281421272972e-09
4.467204877765176e-08
1.382467415386731e-09
9.353594159787761e-05
6.165749086588331e-05
1.810608154500423e-11
0.0002619531499290877
9.5523193783425e-05
4.6435851430603345e-07
5.367593408556756e-06
1.2747752503833032e-17
0.0003361460364076987
3.212737316577637e-05
7.815078402987805e-09
2.2892585989988066e-11
3.9304801511579205e-10
4.730542846962713e-14
3.5791269268440592e-06
1.19146958695192e-06
1.756846970557352e-08
0.0005656796499910239
4.264686397087981e-06
1.0159394950508906e-07
3.6140771436592395e-09
7.057105005665917e-06
1.937173989041307e-07
3.2808806747993816e-14
7.326815309465576e-08
8.392100659089938e-08
1.555822426320427e-05
2.3148215374815612e-08
8.970325736466206e-09
6.632248701014269e-11
9.11816832349361e-09
1.0150777937742614e-06
8.40704417528969e-09
6.942795383952373e-12
5.000816440226341e-09
3.7262905854192314e-12
1.1899822390357741e-12
2.2143134026298794e-07
1.2528227913481562e-12
1.6210232925130603e-07
3.004388247654424e-06
5.1399692508459225e-08
2.304806549747672e-05
3.0260006476714985e-10
6.9474681034016095e-09
9.215670946123094e-12
1.213000952233818e-07
1.6056593892055042e-11
4.616331548396565e-07
4.3092833688667605e-07
9.358233722442275e-06
5.932383098540885e-07
9.161444316597934e-11
1.6906008153413118e-06
4.7639596387817806e-07
6.372919232212971e-07
2.891632331496477e-08
1.3451033354984516e-07
3.879612452278023e-11
4.895375115534711e-08
0.0008473027506416605
3.9453371838096154e-13
4.680503132700996e-07
2.316978532657312e-09
1.8006038864596309e-06
2.1287201901994815e-10
2.115459295959294e-08
4.858381226121778e-06
1.8700348429538636e-07
5.80392560125851e-06
3.797794751298676e-05
3.884318959124581e-07
2.3976323499660775e-07
5.02769437953002e-09
3.5343208146712593e-06
9.973605489648326e-10
5.577134429364951e-07
5.895543147905469e-06
3.0630432100864143e-06
2.8400673586804297e-09
9.928254922873946e-08
2.1808652629575144e-07
6.499805729656239e-08
5.608174486461364e-07
1.459632130342828e-16
8.247597916612535e-06
6.519063682570606e-06
5.281652292007471e-05
2.4266524111474155e-05
8.953953411268227e-08
3.24167499134592e-09
2.4036906814059555e-08
2.780298574724755e-06
1.7953573747150248e-17
2.931195941997108e-06
2.7244294226131597e-07
5.326971368196425e-07
0.00029975838951320057
2.69895372072653e-06
0.0014635641233816763
4.142299359261017e-07
8.80731746843743e-11
6.904140335151536e-12
8.989999627212777e-05
1.700847895399222e-05
3.5533759176561114e-05
8.353766639194162e-06
9.119087571718701e-14
1.296120102641253e-07
9.926213612839048e-09
4.5068607901735726e-06
2.1251827735393968e-07
9.539168291627361e-06
2.7972712749557573e-06
1.5339743301043706e-08
1.337522138420715e-06
2.908024314668236e-07
9.879116401404115e-13
1.0420489861404395e-06
2.4884997183793503e-05
9.250800112446656e-07
5.476810428253007e-16
2.3878535766590566e-10
5.124549293744832e-07
3.4287700906491774e-10
1.875690439961636e-07
5.918043701790593e-07
3.592560774918916e-07
9.676952825126017e-06
4.319129568304018e-08
1.86534562601099e-07
3.9206837976415155e-07
1.1598273008652792e-08
9.884189870334493e-09
1.5669276775382219e-09
8.934752126468249e-10
1.7123293083115825e-06
4.1856446429668834e-05
0.0002943466376253248
8.660839185765478e-11
2.8023914339261808e-06
8.842341581187351e-07
5.180077827003626e-07
5.305452764359651e-18
8.233695988222116e-13
1.25577731386875e-07
1.7955841043173012e-08
5.548838979494585e-06
3.757901636769432e-05
1.3613587513649793e-09
4.567656499048973e-08
7.228875415416387e-08
6.141111832463453e-06
2.060868494146866e-07
6.114373597155608e-07
2.9148579861211448e-08
2.7695583414979266e-09
0.009643163286710605
3.5569327382417594e-05
3.1075481010319575e-11
3.527490549013551e-05
4.28095086907297e-08
1.2532479221052891e-11
1.9472102180863507e-08
4.838043608214128e-07
1.278662462819429e-09
2.8116282875443166e-06
3.84723025132484e-11
5.828862099291679e-08
2.5341132457284495e-08
4.4517798129191624e-05
6.891055162821183e-14
4.899178557946882e-15
2.4327549472058204e-08
3.100929209175854e-13
1.0194685650735927e-09
3.2730700251075394e-05
1.8270731524248843e-06
2.3863191931505463e-08
4.259929354046539e-09
6.024371585953847e-13
6.156619247285752e-13
0.0001907665166453815
2.6304171478354293e-06
4.975003846909937e-07
4.56237683008316e-11
7.4749152940647e-11
6.793954595324987e-06
2.0505624680715626e-06
1.9343531124672744e-07
8.056842218067437e-07
2.1172773890021983e-15
2.459351517775684e-11
8.610742136135113e-07
1.9591213076927954e-06
1.2794595738507307e-05
3.295761417357684e-07
1.1107721394176177e-08
5.869264766034335e-05
7.124287775845056e-07
2.5654216175506708e-08
1.7649014432680382e-09
1.0322307283896293e-10
5.1853705730278e-08
9.960347358911238e-10
0.00024395865994596415
6.983525476770696e-09
1.4871348694586698e-08
1.3550851547202887e-07
1.8698484707985358e-10
7.34094825920209e-07
8.792274601264068e-10
1.2260757338598252e-06
1.0879894544841292e-13
6.953471485138057e-07
8.743687515316164e-08
1.8957944521909444e-05
5.402849443829863e-10
7.082350376981878e-07
1.8901237026394946e-07
0.0027894917120196744
4.5908501140451157e-07
6.0341750366739725e-06
6.449455819689258e-07
0.0009493625971926914
1.2586937917940268e-06
0.00020847924997053892
1.7011459749468558e-06
2.2989928492154648e-05
7.46268458455554e-09
6.747909241156576e-11
1.1636814969441143e-07
1.3416315322728777e-11
1.2718870219384023e-06
1.806004937908648e-05
9.541279763216993e-09
8.196124412466569e-09
7.113104708556201e-07
5.3180156642506665e-06
6.844222202690596e-14
6.575025601900372e-07
0.00012799251413557827
8.468153641019267e-08
2.982965432271397e-05
3.805467388704168e-07
