0.0549050527265424
0.1717236561902442
0.23809230741009213
0.14315419125513665
0.10289967133586986
0.1493767465688447
0.02425316767731256
0.12680008086799344
0.5566789209556671
0.638735180974614
0.609186513790355
0.6830156080961824
0.6864364753425454
0.8656164997036628
0.9412054356272845
0.08932092538703373
0.9958985480941466
0.0003638922087019214
0.005945756193840079
0.18954325338174827
0.9331208257841
0.1130375735677444
0.7389200867131549
0.6362107083293768
0.3828586258276031
0.8162131728749209
0.8432726921629766
0.5436113557864307
0.2224839198489592
0.6152061177842473
0.03497362490416411
0.020049174998794755
0.8879385738550489
0.7726940497386763
0.38550605431848783
0.03454391980387461
0.24793394142308545
0.03735939395947303
0.01806479441729425
0.6412978021908666
0.029926668270230383
0.9794350803258631
0.6290616963321418
0.09620251415846415
0.02719638113757994
0.5924131563177222
0.0035057321658646945
0.9250572839946924
0.6681802407327699
0.9703824985839697
0.12843795246843004
0.4750057818541149
0.2524435308465929
0.6470915135091032
0.45976640514200473
0.3892909991848182
0.9458029591129026
0.4360035410188854
0.03458711595149433
0.9249184267794304
0.2688540882036299
0.4208341103623356
0.8645316859688271
0.7358000309241707
0.8202013728452069
0.41500707834794753
0.08508887276142514
0.3289111827347093
0.5381906373309495
0.40267286573321726
0.43475873328510617
0.18608796551983586
0.13117614023849278
0.9956798001210434
0.46704745197361464
0.3777803053000504
0.7975439103621458
0.9838192070044087
0.8229505868740739
0.8533706853826257
0.807614891122667
0.9172634719377915
0.12596352664628463
0.5620279876955729
0.31516231014188595
0.3080983499869012
0.06043148584499125
0.1365903266386131
0.33030422805608306
0.765320751791299
0.4261867272220732
0.038755874156054304
0.3526178008921472
0.9761469123521809
0.1613665718108666
0.03579512422448716
0.11869290325066406
0.07908262340756278
0.22296863312487147
0.5924647270828004
0.09878628532802036
0.11546514828440047
0.6349656933135956
0.532620271179868
0.13801143171052277
0.0020060040012663816
0.013184833153120135
0.08953752607955545
0.6640144756408678
0.7975052606706057
0.7145756654203572
0.8826276949210916
0.33411156358526667
0.21583073194152447
0.0627827579110074
0.37982220163496105
0.21483962701069914
0.6237424132971343
0.3465988181011608
0.195029437311107
0.4190144129450777
0.9910241807990621
0.2666906628513295
0.22025937081702018
0.1237742985064656
0.47576764082659856
0.304644861389819
0.34879543353932463
0.1742526290186024
0.3123028294653536
0.05442485565455124
0.6231184278968493
0.08646136096291634
0.44230963758927455
0.30039235026904487
0.10295184515356803
0.24625553080840068
0.620510621213004
0.5153458463014037
0.6522614768298768
0.05055519601846963
0.9446051578403872
0.9621663159060234
0.9711040805742731
0.7381255189968938
0.5269802545124372
0.32889557179607865
0.14314527115649084
0.49753424211557357
0.37697846911302674
0.09604317766235715
0.017341018060915037
0.05762034163306318
0.5331083355131792
0.5002961475343419
0.17357745795332402
0.5784640123661717
0.6212496815614621
0.03529580436970159
0.7254777967502801
0.39825378161731506
0.23446739857864496
0.07558624024552674
0.5221303864703346
0.40110902814384813
0.7024491279426202
0.06169880114476478
0.6852641806452069
0.14135617601422892
0.2978840423642442
0.4024196497855479
0.2842096892645054
0.002312956339925565
0.5751743134419247
0.041688291646119646
0.7096074895720412
0.2623289344646951
0.09270988724051166
0.0104733737163758
0.5538005721952417
0.642697952243797
0.6712738081758056
0.027270315054196415
0.8174723555279261
0.1766318601018919
0.04202009243347549
0.11121408925520844
0.06489228924528834
0.14743627860459618
0.016433934280318807
0.03640844164257029
0.20196569819845567
0.07259941684322675
0.05575192836906506
0.12451664456275613
0.27646764899360793
0.586973618087417
0.19531430406612582
0.19993637287551702
0.8489902909465858
0.25829722398737553
0.43795866438636777
0.77603158920688
0.7894588516735721
0.8916768888289663
0.015421559106186367
0.12421039307301585
0.1480452073094166
0.6770115073734342
0.7112016338675466
0.008234773687388897
0.30361797209610614
0.819745786072649
0.013762791166299415
0.12525162912113963
0.23729253634556802
0.5823573838351073
0.86674309722139
0.19583202588273635
0.013968654847557592
0.8771449091501748
0.0006693500235290806
0.33021133491435256
0.43602532031743135
0.15712083687216594
0.4970997112600711
0.3178613420914296
0.20906336228090838
0.5263314687874638
0.22499693954455546
0.5534919319647453
0.29587290594819216
0.6208674895400843
0.41094048211846285
0.7385463003410078
0.06685380166685716
0.20093611730203076
0.09239233468067076
0.6896667268007455
0.21185285566972145
0.21690471397700084
0.18011772128195558
0.8939623043316768
0.17493883697337798
0.44853808069185575
0.4777636090091586
0.8238343017245406
0.8610763380783917
0.3664929550378762
0.12181309009439345
0.6696816390584694
0.3814843677456088
0.03389894002198357
0.16245095070738658
0.04109989869337305
0.4010696414243451
0.058399724463686686
0.6494460562955866
0.8520082611615913
0.08358898342161103
0.48114389283889125
0.15090203089197018
0.6723507723252391
0.014992293784584554
0.7212740836910361
0.6208941905015352
0.09854120152846213
0.017883706008231748
0.0676023024561141
0.047961602484405175
0.8612991445023701
0.359074800233929
0.1784277146171171
0.7324656221366244
0.7431734063346791
0.5075955535987798
0.7670291693339724
0.4030735010847788
0.5489372909650347
0.8138819686342029
0.29995550602521875
0.05241086580080201
0.9959648632518172
0.00325004360185277
0.7515442334428352
0.20226606164620597
0.7302602756899088
0.09749144704269486
0.7595833990157737
0.09204570777589649
0.04262345816565733
0.3678861347719242
0.5936482817259285
0.5673029068705393
0.0306681019785755
0.014604662660089973
0.003692237887418681
0.2960640154159202
0.3892886925061288
0.3321454675932658
0.13014740232117034
0.022024779287751484
0.2016943733307619
0.8960976000418179
0.48083337659415215
0.7477087768212807
0.0840188033963305
0.8395063966022057
0.2508729206735867
0.771023518769946
0.11666350579224805
0.3807590543854753
0.12718421043163186
0.7834051954232737
0.9028984821251795
0.6279486948928592
0.31535077535343303
0.2522435434678487
0.11870479539346901
0.44115247322943496
0.19804751571289855
0.7512950333529506
0.03117405168812315
0.44511982798834415
0.8189294925942265
0.8972316652518735
0.993182473096949
0.4069965475226107
0.04667753614664649
0.6523527386354013
0.004236718660594496
0.0541862467612273
0.4491820389274721
0.09755306320422644
0.7424649475542417
0.22194173568402084
0.499597152912878
0.7687886214843712
0.005648440081286843
0.7205985274762052
0.3432142751132474
0.17890150324737605
0.2053399315286372
0.4155755803853385
0.30927986152660936
0.08365283700440607
0.24453020109377022
0.3026260423026658
0.06171735983773816
0.6733792462707354
0.02676437687613764
0.6911259311138014
0.7995574250960106
0.04822218161365475
0.22264088538424454
0.3335364180079435
0.22112375835252396
0.22853875484236896
0.29274414205633525
0.6515481288600189
0.3483682544902431
0.10388129723729156
0.09789995493905668
0.3384316778353934
0.7520753459391143
0.966133388212918
0.5137476816623088
0.6474213249001517
0.9739985810153362
0.5940506628612716
0.5789570665640473
0.4371852770083142
0.05258663507772101
0.4376705072551421
0.7903644287490827
0.2587836998555755
0.4095004020417896
0.7593616027305015
0.963816630257327
0.8633744781624482
0.4537988415492771
0.9981868502266034
0.27076875222130536
0.41299339677452473
0.1723060770823175
0.3233979844686681
0.0743667663049783
0.7094964955937819
0.3354154081909124
0.045665071417653635
0.7510973440644797
0.7878524137500389
0.27304702244874735
0.138659098950196
0.7833943102630636
0.3785979824270031
0.24408809064117976
0.25298193005639186
0.9943246978398808
0.5382149154182656
0.3053706188045211
0.0487047620726897
0.9558128186966041
0.10476590370489669
0.5141523823596277
0.7575857563044281
0.23196809915276767
0.9787481291956582
0.04630790132710372
0.43407070650638513
0.5759324835579853
0.060834462853233795
0.6585431031367464
0.2023587782295977
0.006650036215738231
0.14136372452170765
0.11004912884026857
0.7213837988447889
0.6510126506654352
0.5476025056960956
0.40476560884940316
0.7004835179054594
0.24962792166533454
0.523983751730555
0.5189167068233269
0.9247262327552174
0.12998794660906787
0.05286528019271386
0.21234703327906712
0.5395373377420449
0.9634251086453344
0.996799013801458
0.5810902511475311
0.3468908295048183
0.9623579995319679
0.09312613799003322
0.4002104524055421
0.5078614103459531
0.07427009371197008
0.6620231410971831
0.683377344198294
0.5402736490081319
0.48938129466614044
0.885028902050166
0.19610525505761323
0.5695016067554748
0.11402840682324267
0.023203552415721855
0.3441038995719301
0.01888371055727789
0.5811318144642489
0.26434721972715725
0.010204681281188899
0.07207977555867395
0.07837453159986718
0.28771044784414235
0.08663874410547923
0.6362730362129634
0.7419342721700809
0.42538097867632096
0.2545272153546485
0.1273840910515116
0.9986886568431752
0.25164921050001077
0.36516450119613686
0.20331777504907672
0.04174414723411557
0.07850943195352
0.9731004908678877
0.37268552849738223
0.4529581238339499
0.11181375363636947
0.9236081393816433
0.0379712026860326
0.6711390391524361
0.5991370042926327
0.7231934610876911
0.422011947481131
0.9081592047338157
0.8088399255893837
0.6025325087399036
0.8964778132201132
0.44040598632282807
0.7344339992429711
0.906668215361289
0.12549745046262561
0.008001597661062343
0.02355939360714876
0.1277757626495588
0.06296165593383085
0.8633204548825288
0.4014312366060331
