0.08999843753428571
0.3134434894441941
0.6058179858104804
0.22623054159322967
0.3704264895354923
0.00020575561257096808
0.10592588967995785
0.0006940722549433342
0.13116128935573967
0.2861008305434264
0.7792207891979939
0.013684999635329875
0.48399550564021476
3.568849926693929e-08
0.8876275304996397
0.008615806372325618
0.6878741752843499
0.020822787772591056
0.188480536834865
0.07342784009665715
0.38262575830380957
0.1769650987749345
4.0825274272293655e-09
0.029453572598798106
0.8704995968885456
0.3726710577479423
0.617317269539892
0.3390468147007033
0.7501978869418938
0.7586588180835727
0.8520293487530375
0.013732862067919127
0.8191777919605344
0.4276638750914159
7.372947563588639e-08
0.5401207425277745
0.4958567826767195
0.8237949677468854
0.0001019226142109364
0.22861638503643592
0.630090311827229
0.4341152677002653
0.47926668028612207
0.1717587663448319
0.8266750618028992
0.296380561201804
3.891051538862378e-05
0.03347392525909498
0.790378090980214
0.688179921679593
0.5963781335957977
0.014481026115126028
0.010355369051010754
0.6217584495618285
0.17265610131816922
0.36181340022084135
0.7249880585647874
0.3430173929850904
0.7320569846639922
0.769137230351627
0.7145233239945179
0.03247879197420178
0.14861355929264652
0.3357502422907852
0.3217746137382791
0.2323492069184012
0.6262771274028994
0.011940161751731626
0.008210932371725654
0.20549446982158992
0.05130384678855249
0.2941925179693399
0.38016715519245325
0.7049317624640609
0.925727136099262
0.6746015870306248
0.08288869048459979
0.19138675317758036
0.1294965550340923
0.5534880717700345
0.6619948500711242
0.016622556729077864
0.07727782117261084
0.03190804892687438
0.0030233920825164518
0.7487377179887715
0.010267676828011663
0.7298213826114908
0.5832807419124416
0.8711061919358166
0.24323628458054958
0.535028091662079
0.016783266752724346
0.011228831105964732
0.4416209550700376
0.9824257755198693
0.6039482075239486
0.5490895635790455
0.7246725366373845
