0.17978993540541688
0.0803954621929984
0.621587446034419
0.381395623456682
0.41389832770827084
0.14596480124937536
0.4946497286401106
0.9569510251388109
0.45686276838729784
0.3628903414297917
0.386736332000626
0.10768970333007548
0.6960848488268173
0.14229748510004536
0.2845239860903128
0.893034417205514
0.502604084161614
0.6839595246538355
0.638160739549927
0.5707843996938802
0.6092389975000152
0.8854823036135038
0.3576988966072955
0.15682530377906745
0.9239668762476022
0.7617944488496317
0.9634571886172443
0.051454756188622684
0.07714863454292242
0.06798183496366289
0.36316588280543294
0.8413723044354715
0.5184541422369826
0.7306712385693929
0.8181295102566495
0.33269623341311205
0.2556560351184714
0.9679963289494771
0.055634793871119026
0.8438131896418788
0.6769263015398691
0.6809299166607157
0.12159901561672873
0.8016223901023376
0.38120608279379853
0.6773868875549904
0.6437581389201379
0.4542092272283367
0.45702106979655777
0.2939734186531448
0.5078489441313958
0.7885702954009792
0.2374320233447102
0.5135286900348486
0.6988059899025082
0.2571993495381386
0.41519801822686286
0.3059977859008107
0.762573833111897
0.1602347598524625
0.05793665634812517
0.20349488036636562
0.8777661253007579
0.34539661029198565
0.526617673871459
0.29488893652512327
0.9513037377407654
0.5141336277793652
0.8783420633721326
0.40805128444049665
0.04420345934370462
0.7772647063700177
0.1074786492914821
0.7003253257457925
0.7171677752406755
0.18926104167326321
0.7737594855436414
0.030721681427332538
0.35207100250463175
0.43276063056232944
0.7510055802511411
0.6894658152273536
0.22687043867759327
0.7512792951031815
0.3089332163655385
0.72690968188602
0.6418117066172708
0.46163311329977663
0.01977723685270183
0.04055439193383137
0.730459974848789
0.30760941825233634
0.49290650451796636
0.14714365340160884
0.2687908133852004
0.6236001979930296
0.5957497319989249
0.30671579933036774
0.4068746040457707
0.14357783707315608
0.857133793581428
0.11480397643065365
0.8966321608660553
0.4805004334741132
