0.17978953155565236
0.6303775079229754
0.5375278109561203
0.3813957143308251
0.40124409589405513
0.03890201087505463
0.33694712085445433
0.4926956704859461
0.3007320119878514
0.11324030878027402
0.6235533134596751
0.06757934320056647
0.38673601528665924
0.5707066177806424
0.7097833294459601
0.41096145672286144
0.12686112104228778
0.6512836882407902
0.9230540945439372
0.7565185164757695
0.26979471641611313
0.43494186159752507
0.6381614077526522
0.5707844237847212
0.8987913043124319
0.9238941922631905
0.9718890743863619
0.6147601787616401
0.5604876195249326
0.5379789667037472
0.27630845985456465
0.17854317618714552
0.6965404374553501
0.5610324836201314
0.44899292113985734
0.483798553683809
0.5184546749947859
0.11586545403419835
0.03418946163328074
0.604440990725744
0.5088746506239903
0.5879226106713665
0.9015679414283193
0.015919778885036897
0.1825915780315288
0.7495631412634158
0.45005972539629213
0.6769271053630745
0.4008204593455475
0.30896204142385275
0.8016225254190992
0.3882431510481363
0.5383909184953868
0.6333401985490311
0.15511095787865892
0.6485725397592124
0.2512599730339315
0.9111075926551069
0.7994475782684483
0.2600880350483707
0.8011559255605099
0.9825992623679763
0.08444659078434623
0.07685917820117605
0.7123544570272917
0.12187961910062528
0.2517815335191675
0.47864339545152745
0.32064858555550413
0.1705305214334949
0.3410897721438362
0.854474976794656
0.46817792338341574
0.40908622360912056
0.1323487491588402
0.08322999840057153
0.18486613256635542
0.15117332475630996
0.8400774943567786
0.777812263522472
0.1983290737041119
0.5276579112914097
0.7772644999515882
0.4224961475723231
0.6960671771746361
0.9885492586483642
0.14325282489373603
0.2731215964466998
0.7410842631114463
0.030721958917822596
0.22573404511290587
0.19300371143992845
0.44855733261888187
0.33805887627506276
0.8158160356468718
0.7495395961359588
0.026937162106973136
0.7024259840960317
0.4052595531726258
0.6825798213893455
0.22529972093740538
0.9790857785008924
0.6381768481231619
0.19284337719245892
0.26086794245757994
0.09206645895398036
0.4929066315349153
0.6848336455795435
0.010519231300170677
0.4890358510523447
0.5875412215394413
0.3067163037442823
0.4507151089136101
0.7878129692220168
0.8442965059499055
0.911651873378504
0.8068267553999315
0.5856537619361677
0.8939381027462697
0.4759447738199086
0.10501219917957072
0.2951247386463937
0.05437976723120208
0.5417796919873974
0.43500921965268247
0.018914144440836722
0.22292809210939746
0.09588709848185466
0.5526280216236964
0.50869972516419
0.6988048342336435
0.13381220342383182
0.24780603958633907
0.5327545103002924
0.5909818928566573
0.31257108893096763
0.15724006189344708
0.13359225489496152
0.925703473180421
0.05851334707306649
0.5358498234226239
0.8624054682828228
0.15628310030119424
0.7296883263441956
0.7303112570051197
0.40833678030077564
0.19527669901194034
0.4164208253484565
0.9426724530931861
0.7731600440773292
0.5303845367005102
0.1954635728748127
0.45800461784644153
0.6878997708898654
0.47279415761701693
0.6771174664940014
0.5566168472122031
0.21561201463076143
0.5460374767255944
0.37838006767187427
0.5624093141111465
0.23265290641403236
0.3433227750613456
0.28863001096848356
0.9455412576223607
0.8096007240533853
0.6297341568022718
0.9026347623488241
0.21414252720292765
0.34935174305783323
0.4220157930260784
0.8288930176726128
0.7740728066291798
0.6321857153419914
0.6941681203721655
0.04322949507843599
0.2620197882895461
0.8393932489652627
0.38517962389227206
0.06793231221257545
0.5148040307788241
0.4040128861350416
0.8329269132856417
0.4843837402564987
0.5255695566443155
0.7215897938728809
0.9003198413813874
0.6711224094736694
0.7696703768768837
0.6637677718738333
0.06098470004316203
0.92693207943532
0.3089068575306546
0.34287481696216454
0.7789509509792383
0.18495202062930366
0.2113985701014177
0.49989973484608163
0.3013747033469847
0.2774637155753754
0.5102526843491786
0.8322797920175807
0.09674002205281762
0.00447105069272914
0.7815609906454979
0.8713851660066405
0.1959713072606819
0.5156014813714584
0.13499414298473605
0.7443906152361477
0.19669530633139187
0.27065454103512687
0.2855335699021065
0.06301003417252132
0.4004947640155051
0.8517083992983441
0.09822124274608379
0.9951476129991187
0.3391137831724431
0.3123522369231285
0.6574841488566265
0.3153615979454345
0.02778171636865312
0.39898971351707946
0.3991160490189948
0.43068383616176287
0.9246821716770754
0.8220714994876911
0.5694223916659442
0.472579221827922
0.3971143071855539
0.17585372184787906
0.9209702815029543
0.7451142126101198
0.5013585641915578
0.8647685468134665
0.5035316428237562
0.8441197622648351
0.612888168246176
0.7338450424113816
0.15423068036654652
0.364947759059576
0.6056205390526539
0.06458212262005701
0.7913453296521928
0.005548761525090031
0.8367958792063303
0.4607138613326234
0.8209562205764626
0.7644718391490563
0.7370866569739345
0.30574213637560643
0.7557705307792164
0.5866482874645662
0.4812441825958984
0.2614867466093954
0.14771966354633514
0.8643732672686608
0.8435603371173379
0.8148652192152224
0.3533865349154286
0.4975240488172092
0.010345338458597341
0.31411689506481943
0.9292768374206697
0.9636589858718205
0.6853920351411268
0.9196485955950935
0.8276863900751207
0.9835915996579971
0.4875017104852825
0.20852984373667027
0.16926888086876657
0.7340246361314458
0.9326378133718065
0.24968797924100966
0.13179732113218454
0.6789508340814774
0.4418540153638202
0.7289296517453518
0.29579093363956804
0.7958735234833425
0.2677990819831591
0.7751247504448544
0.1980652696078482
0.4161120861831336
0.017901660088970935
0.8609506977890505
0.2203208749288157
0.4901337201106144
0.3599830235533408
0.6158379815362857
0.9613517871783828
0.6465534811928565
0.08196109923716488
0.17844166467547606
0.7166549351912879
0.5920232774146468
0.0317759390270096
0.4488954968951186
0.1617440200322795
0.7597164680720079
0.5716045983566096
0.598629024223575
0.6543819847313246
0.6350270230926455
0.8411678053641588
0.8271568766539886
0.4070585032387721
0.40782391764780346
0.83565070902228
0.8247163968954766
0.9516881242647026
0.10583812765302716
0.41652209375327953
0.23777581431330685
0.8125960864361383
0.9949853098551239
0.9914180531672468
0.0508328974766713
0.019031950266907183
0.7329681647800962
0.6499322632875515
0.606938210931536
0.4657886923551922
0.3507768772291242
0.14364315670590655
0.21299217102348697
0.5938076846762217
0.03135265790381481
0.8452517055155282
0.5252681978755434
0.15212181921276313
0.8326737367217408
0.7665246765018803
0.14531687527717896
0.5177032467725741
0.5272046886048444
0.9221671692217259
0.13497990579817257
0.9232079655184132
0.700478261129626
0.1966246387619479
0.08105178950626404
0.3643161417630906
0.31367406370249046
0.8296790300285068
0.8923562623008408
0.19291889590844336
0.4734843949504731
0.9652286190929656
0.5555013667338005
0.708821274869772
0.9104609942937396
0.20680924057124783
0.26572676167176223
0.5590309896213381
0.08138886333575662
0.10252758660042854
0.6867498387991282
0.535699389323439
0.839269163685019
0.5942576981500922
0.2229491381832552
0.23367685156493223
0.5160008451551621
0.15248510304137716
0.579561929588085
0.6126448690399657
0.08945632522280347
0.22825580028552434
0.49919393056331995
0.2622545529383306
0.26244205288058
0.32465341395696423
0.37361337699705444
0.8362747275416778
0.3851002885303707
0.7462552117160202
0.9792016260735497
0.38563774603106693
0.45050997081378935
0.639880354588124
0.5889743512738748
0.6514963708667273
0.26370584716265816
0.29392385770540685
0.5910750611105406
0.36953564197908073
0.1775647444063666
0.525888183736086
0.17116294017942435
0.257317913568363
0.24598205598480047
0.1540170674780248
0.7261711741894121
0.09442531400604581
0.36504122019034096
0.5600411329824486
0.4814485335676693
0.8336265322566667
0.8864160215622984
0.675792636709267
0.04792070560818762
0.3820531415597217
0.3359118025010588
0.526569098428852
0.6017666419454075
0.7357640668237573
0.9228781850441777
0.37889495623750385
0.3989240092280544
0.8715066935247429
0.3651308267827704
0.5321446967099734
0.6277739038736543
0.545259802191407
0.20118503758665085
0.0859142878717859
0.5994761237032886
0.6107581615715159
0.42484753264350195
0.32251295300914706
0.12033229790468858
0.46103371724522946
0.81019962330965
0.002246990587271003
0.19516181889455664
0.922453286143135
0.6297504064018435
0.8365066624443898
0.7030721660851931
0.14619747921454707
0.22242447858046854
0.5311990573074657
0.9803204619306243
0.2944394951558451
0.8219766762244154
0.09558750819433226
0.6246957120874017
0.38496559067196723
0.07738912117724252
0.7906549289853031
0.4539824436116306
0.41193652941894476
0.20390700461027533
0.1300138609451127
0.40145332792283317
0.2934072172969764
0.5665192789200446
0.8248704766114463
0.3782589748396963
0.7696125717978141
0.811727087081325
0.025952546542555875
0.5731033093030194
0.5220193401143404
0.4226176797277973
0.8594597012488575
0.07085152122899262
0.5141936043443399
0.09685892266416712
0.4429555284187492
0.10526839674167525
0.20896065407219755
0.5185857863778686
0.02365708793170862
0.0450540436750008
0.6053178774001524
0.36661098635527833
0.39982558975098115
0.21518039862143204
0.19865982798476867
0.5774114068018639
0.053622649685217905
0.3771723710844217
0.6824887835114498
0.11202517553283188
0.40919442442689585
0.9012750533286249
0.36397385363386037
0.2683318762727187
0.7957987154589157
0.18643772259136246
0.4428155588788003
0.2082243567159121
0.7344128393121776
0.9082671423686185
0.4221179514743734
0.7398027088437854
0.13357045586506233
0.21781700095280843
0.8011830722419897
0.03645471703062483
0.23063803068646527
0.9640425749105963
