0.05490502839272003
0.5610915119442245
0.23809194616390983
0.7768063050808813
0.025828929442719962
0.1802662247240221
0.6453047892667481
0.20009905532277195
0.5566788795780944
0.7924113002799207
0.6091862860199233
0.6830153998582265
0.6651827697075767
0.457659585939928
0.03198503848693219
0.6950765836239596
0.4550727450667698
0.001807731687391012
0.005945755787639451
0.18954329814664805
0.9331206808509548
0.1130375476937275
0.008067374851223465
0.6362108667545436
0.38285872958382733
0.4353782291110826
0.4074829676913106
0.8432726906268113
0.5436117348784947
0.1811443233075143
0.02669453006106126
0.7800755610965162
0.12738366124771616
0.7974629511950475
0.7726939240629764
0.4035124441502822
0.5836302569623664
0.5650231254426724
0.037359209721171155
0.020234964729757277
0.6412978981891126
0.029926665529877994
0.9794348819845496
0.629061728772432
0.1517931992330701
0.043721565750412195
0.5924131123642988
0.003856698627378252
0.9414663055151546
0.6681800525957318
0.9703820673830773
0.16873908059710452
0.7042584047465978
0.40951655131017817
0.5146805180913822
0.8410105720979222
0.5492070686187014
0.9458031862377788
0.2313170103947292
0.034587119685159484
0.9249183691403382
0.3702930950130359
0.4208342163222057
0.8645318153208067
0.05729102082662275
0.4243519020366601
0.41500704742843936
0.08508833236966364
0.8199207139611089
0.5070647559712511
0.416834465739386
0.9895393382061914
0.18608773138493243
0.8520994009387097
0.9956796558097365
0.46704764011118277
0.008930692945253825
0.5508621904117837
0.9570295179056432
0.3721876841445266
0.8533709181022684
0.8076153627402098
0.9455469630042072
0.43338879763329285
0.6135604614029124
0.03707805177897994
0.30809813238160694
0.027436648235027943
0.1365902343388889
0.3303041437796521
0.7653211277860582
0.4261866420610336
0.03875587377452372
0.5661300077604589
0.9761472377743898
0.1613667703709757
0.2708792444987904
0.11869289464199317
0.09512867521503976
0.39009508929491576
0.6752987821859764
0.09878625409518138
0.638140605836479
0.20242948834947067
0.5326204349830037
0.15347210018865187
0.1792537479517866
0.15790130381520293
0.08953754828527272
0.2846501069192383
0.33332464805768836
0.12303983511835365
0.44474659433319985
0.3341118975159427
0.9912315632892226
0.28426896926263656
0.5873981822735763
0.0356024038549565
0.6766905613814831
0.24851699070101552
0.25711401689498437
0.41901447043392603
0.9910242003638066
0.4601829460715464
0.22025937717587518
0.12377430229402053
0.4757678465458866
0.30470013835131166
0.054997718428352466
0.1742528770721775
0.312302808203343
0.4730340817822951
0.6231182141073799
0.08646135119383214
0.4423097590534375
0.8617400587663293
0.20220146105973513
0.2720330198734623
0.06717369037613419
0.5153459729759808
0.9198345865086301
0.05055540986234321
0.6120688679190384
0.6838860775334717
0.9711042065378223
0.7381254876251446
0.5269805167010794
0.32889558945440034
0.14314517749294747
0.49753448031671815
0.5808434856627175
0.0960431768936707
0.1951799409102113
0.45305868613132505
0.39248796722488194
0.50029618635417
0.7127020441264857
0.39818536468261884
0.16373467885207507
0.739906287639182
0.0693291428161781
0.3982538338907604
0.41785826065059806
0.21247200410345002
0.19340322266560886
0.90319427696424
0.2736682264287793
0.4259958643542755
0.6039561422903368
0.141356134008337
0.29788410005128957
0.6541856817470459
0.9744282286939306
0.9935200783702298
0.5751742720578762
0.5322417111899953
0.5730154766393386
0.09956918695380379
0.25193011280143196
0.039577843160149895
0.5538004766675453
0.19212102352799915
0.5981869081963915
0.03528248383545707
0.8174724450726524
0.1766318808084364
0.06713276762500109
0.11121374811169085
0.5818571865549594
0.41196897663174115
0.6010684597482098
0.036408416673440636
0.01982200888066976
0.07259894536730903
0.0813247153699892
0.3788014924089329
0.27646749979838403
0.5869735032457144
0.1038007023178329
0.19993640172703597
0.39296378942473753
0.25829728761996384
0.8532681725192703
0.7760311844841047
0.7894587355720784
0.8916765976544148
0.17257911366396295
0.011511086459814912
0.591984193009372
0.49261566955630764
0.711201365599714
0.01187714396789663
0.36915150209484127
0.8197457879318608
0.9874459686830779
0.12730578603786968
0.7339169602585849
0.6203801727165257
0.9461949486705955
0.19583221133647155
0.013968835075094894
0.8771448724360511
0.1771870348188691
0.6950823189969468
0.43602536377292256
0.6409445006330221
0.49709919123446833
0.9661740624646437
0.209063282722816
0.8547193018909502
0.844249382811731
0.5534919557332725
0.9398198461662142
0.9197467897446158
0.4109409227656778
0.7385444743560691
0.15937934296757453
0.19021174057538337
0.7161899952530124
0.2205814449179675
0.21690468250244388
0.18011768321242627
0.7805615722038538
0.5201944008474595
0.4485380615851937
0.9619366949380252
0.5398404981583578
0.8610765921546544
0.3664927901621314
0.3774927004980435
0.6696820124909365
0.6644945789555612
0.017580653482717645
0.492487413400424
0.9976361926932761
0.8490219513593125
0.14076435032850965
0.8248055069182995
0.8520084632145626
0.011644109182290752
0.48114413248868165
0.4801086643042949
0.2051495672582849
0.020014365926300126
0.21052427794290213
0.6208941823019472
0.09854121286025852
0.10710062612877191
0.3798480380203042
0.04796160438754393
0.5744538075852443
0.7494887301169464
0.1784275973837976
0.7324657712069172
0.7699639698411542
0.23023318097988052
0.9885591406086855
0.4567789778189921
0.023288471708879585
0.8138823004326867
0.44250806916102453
0.1638663418815085
0.9959648421465181
0.03805750174595035
0.75154437110852
0.04121149459982745
0.5563710035984802
0.1636039704708634
0.6465823788021207
0.35436785673116217
0.0426238216102918
0.48924558818524577
0.5936480123957414
0.5673026724288064
0.030668104225600734
0.7319826526364255
0.028466678558710212
0.38731871945346574
0.5595956400557305
0.33214545667736894
0.13014724208094083
0.022024780520858656
0.20169434654365626
0.8960974502062427
0.7302744942335797
0.7477086923132379
0.6292816225195702
0.20252725747317443
0.2508728791775594
0.6623002762923516
0.26441552911964594
0.612582809164177
0.26892031278467377
0.783405331166436
0.7453502098612057
0.8746165108216084
0.3175994534618114
0.3477585770314675
0.11870483246098873
0.40410132164406865
0.19804764817111448
0.7018603300899102
0.03117404563748405
0.2644263697885931
0.8189292500790866
0.8972316903823203
0.993182799668823
0.45594609623580507
0.4429353268861783
0.6523526370953427
0.004236689307739461
0.05418625913970154
0.19730906169706475
0.025627222070442438
0.7424648902572466
0.9002436937277922
0.2827366792634696
0.18472546318788088
0.0456124299998657
0.39090644583696754
0.31853516946219895
0.16174395059251587
0.20534045775074136
0.415575487661751
0.30927989867208217
0.20810763248915642
0.8911243510010436
0.30262608420465714
0.061717519900344665
0.6031907544485783
0.02676437081301075
0.6911260494506359
0.7995572822554761
0.3345592597853912
0.30404837023359244
0.33353640988945094
0.22112331250532902
0.20701221717096474
0.9006110143103603
0.16359608268273695
0.47209173560026296
0.8139591121140225
0.2858105357816174
0.7160734118032734
0.8775397513672016
0.7703265690893817
0.5137474188866508
0.42967080412900804
0.044741384784210754
0.016576033854602733
0.8975050213044959
0.9923343768575008
0.05258669283961679
0.437670364088943
0.677707599408807
0.4226626987404813
0.24083876267533832
0.7593613853281492
0.7903470620024864
0.7345866537147878
0.23131667878738993
0.8027403192403402
0.27076875487666174
0.024390921366367307
0.031910503023259616
0.3233980746538212
0.7414062915437742
0.2611629177363449
0.3354153451657893
0.24721575520191963
0.7510968641696121
0.787852456682701
0.8866924410281924
0.1386596513972117
0.18443391532054698
0.022960917493196398
0.40087752080411065
0.2529811371367709
0.22271914355767017
0.6207184489215677
0.1988474788602015
0.6445013602023317
0.9558131042662175
0.8323029307588553
0.9610667711958949
0.33093575039934586
0.34914269337928533
0.9787481517573661
0.06476989242841436
0.4340704673390714
0.575932446080753
0.5547716395338809
0.6585431434582363
0.9473596563512128
0.012160199579859254
0.1413636824082669
0.6859375194556612
0.19414791602271086
0.3082455917937954
0.37492567432374374
0.40476553996501696
0.284006401219314
0.6249625909776136
0.5862829306876502
0.5189167490257626
0.9247262989033287
0.12998792541285686
0.05286528594002293
0.7044026009868818
0.5395371827833937
0.030464463961428878
0.9959349189400944
0.08452886047029065
0.5810902082771473
0.17799851088582078
0.20083605871798382
0.6033376697840567
0.4568488825663415
0.5078614452697783
0.07427020258821762
0.954747490695226
0.1974120504894077
0.6817161887729203
0.4893815082420572
0.8850286871190383
0.6191428777116381
0.015329409584762033
0.3372190511365696
0.2645336105359237
0.9683537546600415
0.018883708321520087
0.5811320238915852
0.2643472067546735
0.010204680608777883
0.6300836142192363
0.7436150437282308
0.28771049391547954
0.7779637151965884
0.6304502335215706
0.7419343443898624
0.41848124989633684
0.2545271409042611
0.22665601827736986
0.9986884582492226
0.2516491343303173
0.830842552796949
0.20331739157246553
0.14615891522633162
0.4909401775975273
0.973100635553446
0.37268557900731114
0.4529576324766721
0.42968769993882727
0.9236083634457937
0.03797120891499439
0.30751352401715826
0.5991367531098024
0.7231935285859583
0.4220120445348867
0.07192125797959563
0.2146829746117902
0.2680415475072149
0.8964775995901589
0.44040587116303304
0.7344338207561987
0.7035218882926665
0.5994882292450894
0.008706934815181588
0.02658489508542905
0.12777580368858765
0.589683294253169
0.8633205171974083
0.7858314461431184
