0.1797898612515225
0.05189981462249531
0.6558763380573203
0.381395623456682
0.3780337105713638
0.14596480124937536
0.4946497286401106
0.9569510251388109
0.45686276838729784
0.3628903414297917
0.386736332000626
0.10768970333007548
0.6960848488268173
0.697266134581652
0.2737049113883834
0.893034417205514
0.7988976665223884
0.6839595246538355
0.638160739549927
0.5707843996938802
0.6092389975000152
0.9238943779542486
0.3576988966072955
0.15682530377906745
0.915595030650894
0.7617944488496317
0.9634571886172443
0.051454756188622684
0.9374770408027038
0.06798183496366289
0.36316588280543294
0.831204947571359
0.51845414216544
0.7306712385693929
0.8037533351539479
0.33269623341311205
0.29988425952770403
0.9497716659582984
0.055634793871119026
0.8438131896418788
0.6769263015398691
0.6809299166607157
0.11481928499211903
0.8016223901023376
0.3881707392893823
0.6773868875549904
0.674587013515074
0.6160347261438655
0.5202271641140781
0.2939734186531448
0.614116147153783
0.7193788335613714
0.2374320233447102
0.4953287679753562
0.6301206697198761
0.20983397185778865
0.36849271923597393
0.30196852483825143
0.5609659905999649
0.1602347598524625
0.0599150841170899
0.20349488036636562
0.8777661975716253
0.34539661029198565
0.7233960433103233
0.29488893652512327
0.907680546379735
0.5141336277793652
0.8783420633721326
0.40720808363618644
0.04420345934370462
0.7772647063700177
0.7834091356816135
0.7003253257457925
0.8075210856827371
0.2350358871019697
0.7737594855436414
0.030721681427332538
0.35207100250463175
0.43276063056232944
0.7681374639310579
0.6336512808547112
0.323629173948345
0.7640760501053803
0.3461878727093397
0.6958296220522264
0.5775246607285631
0.46163311329977663
0.13623975604490202
0.2915800771938877
0.43429904764426475
0.0920664823110331
0.49290650451796636
0.18166306480480454
0.2890880964201208
0.6246407658155282
0.5627926102009244
0.30671579933036774
0.4885830190171787
0.14357783707315608
0.8974843795836209
0.11480397643065365
0.9099608627450237
0.5372244159537238
