8.893869418713507e-09
0.12603313687032158
0.0006571996370516864
0.00010960357016132072
1.871181432022695e-08
0.039333635540165
4.445171290279326e-05
0.00035592476726153954
0.17967370165658103
0.00017810448884203467
3.5059343701515644e-06
7.86235743177599e-10
0.002076952297922041
0.0009644641976616075
0.852080385761331
0.001115643120127796
0.20524079452230737
0.8202998984314274
1.0717436538243419e-07
0.0005620566416526529
5.228118881372978e-06
7.173638063573406e-07
5.040074868567501e-08
0.005075193303105019
0.018266438009625796
0.0007480604030056792
7.271849788992313e-11
0.026301621786861906
0.036419847148354334
2.2990460530669665e-05
0.967385462948531
2.3048345676457416e-08
1.1739942351596255e-09
1.7218004799701703e-11
0.014593633990238608
0.00371337306839159
0.06820831118894355
6.0263536116211824e-05
0.0007756055459480216
0.009726135249359835
9.471552653295134e-09
0.0021416842179722284
0.07399255186030396
0.15496619099252262
1.2153829054284415e-09
0.02388083252366857
7.105102128868168e-08
1.7943882379967135e-08
3.0201644171556907e-05
0.0010498244377619148
0.004585242982727777
3.93558024638363e-05
5.411093795260058e-11
0.2983205577903363
0.0031315408232650555
0.0008494469343376387
0.8769159386099512
0.09592658919064445
0.006220195950509044
0.00046528496276532216
9.235611192770499e-05
0.006302392505577403
0.00013486334727863536
0.00044084404877042793
1.4430967532064187e-10
0.09521959184967654
4.5888640705316064e-05
0.00027672860815819433
0.0004835890749195215
7.437851246017146e-08
8.154961645301384e-06
0.08342258303127004
0.08531221388444288
0.3861184323855922
5.111378057698346e-06
1.7347571825698793e-06
0.95826957217417
0.2535806404914147
0.0021849542025682567
0.3245138175326423
0.012058350108572924
2.2961095607731963e-05
0.2141293536967015
3.845643670175036e-08
2.4708978640930468e-08
4.826512189914922e-08
0.07107442861966251
0.2611393174018328
0.011312856452250886
1.0707412734234367e-10
2.115655098200442e-05
0.22657092604693535
1.5399369783786199e-06
2.537141807756882e-08
0.0010602262510324145
2.374251906189784e-10
0.0018360791257918674
0.9274547441374477
0.004874991029136355
1.302340857378681e-08
0.013124082640607382
5.889036076567322e-07
0.30052190939316853
7.820585290474469e-09
2.2178571084108256e-05
0.23175076858487342
0.03634738391272929
0.041350510973477306
0.024252467789403376
7.464692250103155e-06
0.08218828282185053
0.028152895141619894
0.6536347467354457
0.0003526458357792084
0.1417767913063963
0.0031626651848082332
0.42035688884945777
0.0040016235064315175
0.9415975751751555
0.00036203864559558596
0.25801878735381956
0.3166607373385543
1.6767466770595263e-07
0.11525004152716756
2.4496257724493375e-06
0.0021275577856429972
2.4300495002904654e-06
0.974292205420718
0.7041416049675592
4.680494141284797e-05
0.03898377884998472
1.5136151887418237e-08
0.002137327081274787
4.824696708816134e-08
3.236366730163809e-11
0.17428816011977832
8.616627669155719e-07
0.0002277620782331624
0.5114811157010808
7.14029142478978e-08
4.20127582678731e-06
0.11956679097248912
0.009922104474149984
0.47612363880988795
0.7249836724884087
0.010782597277769979
3.4348074229306746e-07
6.450363036591966e-06
2.713931301911998e-09
0.332414968750371
0.25669042510791906
0.14959461250233375
1.720871918520217e-06
0.27173968380599844
0.010427465588563889
5.280315930278334e-06
9.42093760096796e-05
0.004039549441636314
0.0007459403577692036
0.004062843525315385
2.5433841499555854e-07
0.07598107045439284
1.908392983640539e-07
0.00041227950601041563
3.288210790541868e-06
0.1173882870656422
4.249142036827358e-05
2.572646500276221e-07
0.4578798471869676
3.081274684957336e-06
5.851753701602291e-06
0.00034157569070081273
1.3668298831870374e-05
0.02095676522049561
0.003182378486598747
4.186049569199213e-07
3.6246185299848577e-06
4.8887210763348676e-05
6.661338147750939e-16
1.3169687562708532e-11
0.1855987671515673
0.04249239175073627
5.134042761278934e-05
0.008589344777708785
1.0882058143479867e-08
3.533858861093364e-07
3.8294947615868935e-05
1.2891812899651356e-05
0.001547627768478721
0.384333768010632
0.163621459985122
0.2679480600559079
3.4499499457218974e-07
0.0010443309405641088
0.1851629895964615
0.05710637134411667
0.06274666353334601
3.732771114695055e-05
3.9813943475408564e-08
0.009688619186607461
0.00016242795293774925
0.011826098474384983
0.05656272455215361
0.00383393044432645
0.00039378068198203664
8.848477506262498e-13
3.300177986442776e-07
0.49758550451850225
0.7349736416929429
0.0007092463207665212
0.37049908826908573
0.001776206566475702
0.023839105723303167
0.00020813962285592957
4.0668034273494413e-08
0.014424791365903245
0.39167754976959723
5.6348259391825195e-12
0.02562563067597634
7.895000109070516e-05
0.008833823795984852
0.16672093189190407
0.2571111364017704
4.85003769066239e-05
6.5205230312948e-06
0.0037043011411868054
0.00534389932888657
0.031648462689416235
5.538014491435206e-12
1.8295227222075994e-07
0.024852787825638382
0.497558824831257
0.018736637268892853
0.0010226707864853246
0.03880924691501986
0.0004448050348369037
0.0021854840910480178
0.007758658601078938
0.4509616364504629
0.03184820672386124
5.6269418013954464e-09
6.846741831267877e-07
7.289064731796913e-07
0.3617548119346571
0.24938481419779898
0.6378178329908576
0.394654137191528
0.26050245755907997
0.0012760074784166076
9.190832710292973e-05
0.00010907841791363282
0.003223930786827145
0.00033812684140976934
0.007437870458489648
0.0915946261459919
3.0684343954590076e-12
0.000667536125221524
0.0002745018825185408
0.19582970910075836
0.0266522577395385
0.8569342217340832
0.0005889925553308473
0.9846588078184523
0.46812014822325715
0.8532649772613414
0.5990254824945958
0.0014922305599185393
1.3313523467228805e-05
0.005032889826884102
3.544143235845176e-05
0.00234752773615976
0.0006881423267239839
0.03551030489583229
5.388862442945452e-07
0.003644762566494375
7.434454278865132e-07
0.001506440209920079
0.005220621571706108
0.05521337128606363
1.1030760501462566e-05
0.06762850248993013
2.404920971255109e-07
0.01334869947542372
2.5174711898889868e-05
4.2879033657072796e-12
0.0009162891649832083
0.8885876005218649
0.027362199120626096
0.1027735051472185
0.001236917228095935
0.17621320349070868
2.596424408807252e-09
1.8449532692699222e-06
0.009171883075662635
0.00045667098915180837
1.142074297377782e-05
7.488286999879357e-05
0.7396962679988403
0.004218302765375936
0.008287568258492417
0.06363642055332974
1.6645665001924215e-07
2.2001325947762496e-06
0.9108200748449629
0.002778791070884079
0.3086857976299937
0.00708362534796958
0.3076425906794653
2.9674564729909036e-06
1.5839347935253656e-05
8.086484815095218e-10
1.332486565530644e-09
8.974815202122954e-08
0.015917209784216402
1.4880527767768825e-06
0.778443440247699
0.003573831309081843
0.004685407701459976
2.0858649452115685e-07
0.049282576180020854
0.0024238957082316492
0.03546403762215644
0.08738698202651318
0.46500228040638664
2.1753611932240347e-05
0.01124004111055843
0.8567408213240284
0.16225383590119602
0.07125509577462497
1.0201929256936637e-07
1.647774472424146e-08
1.33242471056505e-07
0.008728812744198677
0.24557205277993321
0.7628327261882366
0.3215900346014747
0.00018972759066770983
0.9985325349445205
4.1917155947812645e-05
0.5244271838582677
0.13969140360411503
0.1456917266903659
1.0503673575357197e-06
0.6428449626560006
0.0
0.051296007986646464
1.134067987074161e-06
0.22632063122947743
0.0007248133560138204
0.7998209748283988
0.5762999888594367
0.0014613694453340376
0.1327381290142422
3.2633107327484367e-09
0.1440925590269726
2.0141828627195935e-07
0.0008309862021798065
0.05923818818070559
0.014157082803662568
1.0567198982514014e-07
1.0192283728116536e-07
0.0002994063132659708
1.2645971159130909e-08
0.008573142770693432
5.260060990264215e-05
2.052149930475977e-05
0.2513082954006334
0.7013840257017906
5.265407102550412e-06
0.1985480227997225
0.44476460504798276
0.0015570828718631802
0.03044494607470738
0.0
0.06788277366145001
0.0035560922606621137
2.0430469560572817e-07
0.042526524384078446
0.00014566121471482063
4.818828257979746e-06
0.029756953162119126
0.0044429532472827216
0.0017163809872096092
1.3245557761720761e-08
0.0006960744283055487
0.2981468806126095
0.00044205718724787957
0.1162833504930072
0.15956722615558383
0.046918462386514204
1.0198210825818066e-05
2.4424324728267166e-05
0.018323811038933435
0.015543433909669169
4.471296735086838e-07
0.012144291933090745
0.01424032324861435
7.937467683127863e-08
0.000297056308666388
3.8721060781066186e-05
0.005913604142376183
7.60257767851158e-09
0.9432709251283975
3.148718908940751e-06
0.0002232794431806795
4.3306536794407435e-06
0.925245178391083
1.3978781791657013e-05
0.007219636960593023
7.073008845281947e-12
0.016493487989213795
3.8718976773433056e-05
0.05193285942228565
0.6947121202934403
3.7325255419773384e-07
0.0013737193316403218
2.878204341527635e-10
4.166429427243656e-06
0.4058395886942292
0.0004304277027369352
0.03649988381647096
0.03639390699356171
0.9531032959185962
0.000255049631972204
0.0001771199395856904
0.30467403434030627
0.003600322991863081
0.23213115456542344
8.764310355235949e-07
0.00010035392351470662
0.17082153340884565
0.008093043099181019
0.008198359569655311
0.002960623126379902
3.1005642497916597e-10
0.09413032560851642
0.798521236455783
0.03999580339524034
0.000499888272204263
0.0004894202001552994
1.871258502528228e-05
0.14822067115583581
3.58788571792612e-05
0.8717423046506445
0.01936858247218254
1.2434497875801753e-14
0.8054308498716054
0.6952888125822863
2.5888247121130803e-05
5.969083910928319e-06
0.0013182947090670805
9.845126338614563e-07
0.00044229350771685105
2.7013672347919737e-06
1.6993691970279556e-05
0.027009823406657363
0.006969242728565028
0.07191652994249975
8.587557775996402e-09
0.27604594043307396
3.4288698849582744e-05
1.4274242232659162e-08
0.00477684473776252
5.1265557384994054e-05
2.6334912292869106e-05
6.623910436376335e-06
7.542228676049589e-06
1.1441897584951732e-07
0.00016233607673066253
0.011098918732029395
8.492141656724073e-05
8.879716350662648e-05
0.0444955871489392
0.0002174653888429301
0.011377089331074286
0.0020353892586377764
0.001557328935973601
0.12348526258367554
0.853537175113122
0.009787352502603097
0.025503191459284036
0.0005195408218012787
0.0010951788223214631
0.33366177727138835
9.654232968614451e-11
2.0503307736063903e-06
2.0696315772283924e-09
0.14039302760733574
0.11527204493262277
0.14870106020716634
2.876208924273982e-05
0.00023566074724779007
0.2339541598827919
0.21361236619076163
0.9470221398326537
0.5973169642209836
0.012171968853394777
2.1384713413397094e-05
0.45121178401503165
4.734148029150731e-08
