0.7462379716111567
0.3134434894441941
0.10104042444283068
0.9020107788938414
0.2897328101863515
0.9979652102459919
0.056103520912093904
0.09691504838881711
0.0310433598762061
0.12738859901865096
0.02944174577824433
0.6164502869945165
0.063271927128979
0.8090628540065301
6.151432896395193e-08
0.8080552299112862
0.016748886299609023
0.5195560547189129
0.014464642134886851
0.898284259762079
0.07342784009665715
0.38262575830380957
0.5271370062763798
1.88471074302754e-08
0.07118872148021071
0.8704995968885456
0.809452973445905
0.8920009051032006
0.3390468147007033
0.7499384972261571
0.8780212295114709
0.9530505287649198
0.04236724814610282
0.8191777919605344
0.8769139400086003
0.006526096821502403
0.31892048880643653
0.5970519779623213
0.8552091165933788
0.00011998119754719205
0.22860157889800933
0.149414669908569
0.736385533383255
0.4367837921055704
0.3916550137938737
0.022765551874667667
0.8266750618028992
0.6977441912759067
0.00011924484836334237
0.6712396139353719
0.7292115064394751
0.6485061244605766
0.21139689340512016
0.8402397416025206
0.09447084965984143
0.967875499212716
0.7906499906693432
0.23188017395120714
0.5578646555249247
0.33222707835579374
0.14790384405375012
0.5576960501173003
0.48180474112695704
0.45632760430289226
0.14834874572687995
0.5897688183476386
0.3417521094662159
0.18915059591820294
0.2886069767583127
0.6262771274028994
0.21754340722935184
0.06744341538587184
0.28051002006619274
0.05130384678855249
0.5405973635816868
0.25611981941115514
0.44995346060334596
0.8637751567042592
0.5997707632402076
0.6066573873698878
0.042719244479302976
0.7411560244056671
0.21289994370369847
0.3042743619802136
0.6619948500711242
0.9043366506001853
0.17475612943045182
0.0927458328443429
0.15214197048125455
0.6568697910878738
0.17230832479272884
0.13864648935854101
0.5227564601643976
0.9800608883909124
0.289477103805231
0.535028091662079
0.3095532198338615
0.004706368283446505
0.00020149922794776565
0.43258792865618045
0.0041189524338520744
0.0179356612682402
0.5490895635790455
0.8474280869673526
