3.973042848276028e-11
1.2020250357854618e-14
6.553815173835401e-06
2.2295329994984203e-08
1.1626635417867533e-11
4.180681364928864e-14
1.6023110331713364e-13
7.158329703685405e-10
1.779352624560542e-08
2.9520066859933182e-09
9.600884699285384e-10
5.2634521399299045e-11
6.050960005757937e-10
2.6125831450293336e-15
1.4910558118704518e-06
6.60979406125739e-11
5.7790578153322546e-11
7.108397442671253e-11
9.041056323435263e-11
5.795007321947279e-08
1.488793507797715e-10
2.4754808334839447e-06
1.403362917015131e-11
3.0421681552244113e-06
1.9920365011191997e-11
1.8030445784687785e-10
2.0837711545085534e-11
1.7392297132490921e-12
1.7134175245051364e-09
1.3863248238135506e-09
1.965456728363798e-11
2.2690015311998844e-07
1.721225017416936e-10
8.593313079441393e-17
3.6142751057717915e-08
1.195347645755963e-07
8.675763259936991e-10
1.1188506655190904e-11
1.904844536963999e-09
6.48366820893341e-10
1.8771838312591542e-11
2.68988441085221e-12
8.033176535226359e-12
4.4126237795196317e-11
5.0847710128755555e-12
3.727035133091541e-14
1.67728809448896e-18
1.5007116526426909e-09
1.820073112798157e-10
1.0148835736599199e-10
1.1854549876891584e-10
3.546632005902646e-11
1.1530231808069721e-06
5.755907977372508e-10
1.728603030944688e-14
1.4620941716775188e-08
5.900828147056729e-19
5.085568616077081e-09
1.0590269054360524e-08
4.175784076218176e-07
6.107001650840338e-09
1.3891183416665058e-17
9.01854948473159e-17
1.2043411771737166e-19
1.5534485339692278e-07
1.2889095685164073e-12
9.124477190393318e-13
1.9168416408216608e-12
3.9541631915479825e-14
2.564220991363642e-14
1.854013715749501e-15
3.6863086141928716e-11
2.196617221761698e-09
1.1531521790199325e-10
3.2321631242698504e-12
3.6018144221734784e-10
4.287275026087351e-16
1.5475935807652673e-08
2.0012154856521404e-11
7.196481883052619e-10
1.1556944014151295e-11
2.198384859924152e-11
1.902266685604337e-14
2.27862294828608e-09
2.866896277850097e-16
1.0171019268852259e-15
2.987309056560325e-06
2.5790754107446288e-11
1.8105147329826324e-15
1.5107501640283706e-15
8.21364065471645e-15
9.260100674036559e-08
2.9561458549161927e-10
3.647287458784412e-09
1.2014070635073354e-11
2.79427554983644e-11
9.092589864754366e-14
3.703281771284019e-10
6.862818320001086e-12
1.861447231138938e-09
6.560652122187284e-09
7.811570204306689e-13
1.901931027922027e-08
7.791584750910873e-11
9.116963838143601e-10
3.0155757125003724e-11
1.0932645255589159e-14
1.2135142372466652e-11
4.512501230206987e-17
4.580857716476038e-12
9.979779046154577e-12
1.7823405061259204e-12
5.538949931908765e-17
2.218365552694535e-08
1.1157149219127548e-15
5.4054421951407394e-17
1.5414751151703132e-11
1.2560763658216556e-15
1.3968337677680234e-14
5.842691766826109e-09
2.0405146601012117e-13
1.6875024211908325e-17
1.1265602957682597e-12
7.278131667020244e-14
2.5051181852556064e-08
5.061990770610519e-09
7.020743448420674e-12
8.907211433393984e-09
4.326958313159946e-09
1.2617355133547202e-09
5.548164753920271e-10
1.486679007323641e-13
3.601687840095816e-11
4.396163544196734e-05
6.740073641074201e-10
6.669764791849138e-08
2.6455108650460488e-12
4.6113403901830184e-14
1.2847087044695694e-12
2.0289818248544813e-07
2.442437445834516e-10
6.343646622218912e-12
9.416996166216167e-14
2.757716678096188e-08
2.639720330983819e-11
8.314812712251373e-14
6.103661745183784e-11
2.617923503603494e-10
1.040502128975184e-10
4.840499367599555e-09
1.6257741601281134e-11
1.299688371489085e-11
2.08910960637538e-15
4.389711486143581e-13
9.387973844632026e-13
1.3580155105716027e-11
3.5056151400734985e-13
1.9621869102290016e-09
1.577458799672864e-10
7.784425306720964e-10
2.604768385205656e-16
4.7398049931874954e-11
1.1724280476531106e-08
4.969029552480673e-10
3.238952499897212e-11
2.772841681054573e-08
6.741839711460964e-13
2.565814669132202e-15
5.362856177265014e-12
4.1616736115628105e-15
6.047159979022998e-08
9.75629383725645e-18
1.907440600726734e-19
1.5107160444917165e-09
2.209420747728016e-09
1.6042722362661062e-11
4.85493022437586e-13
3.835152006469581e-08
4.6864171321772616e-14
2.7453437907147436e-10
9.501727074305523e-13
5.973804609835585e-12
5.622760044808329e-14
1.1310693501076012e-08
3.0065848980982033e-08
3.484026267858775e-10
6.036630295291677e-12
9.45267038950209e-10
1.2307347135599653e-10
3.8175326455614886e-14
3.581284519569611e-11
2.2035657694296535e-12
8.163448526073985e-06
4.688324598500774e-07
1.2221052782392502e-16
3.1135898618935798e-09
1.797769385002733e-11
1.1015461884127474e-15
9.367247508585899e-12
3.6812532152643204e-10
3.100302370104916e-12
2.158160395671468e-11
6.4646844132005e-17
6.781313254529623e-08
4.036489768809868e-12
2.8097135866757367e-10
5.363490439487728e-12
2.959564458755882e-10
1.483972509637212e-10
2.8178095835381635e-08
2.276900039572192e-11
1.8718039208745186e-11
1.638086451895039e-09
5.9937849986874865e-12
1.7977041746496563e-10
1.9395476321675416e-11
2.2048589314923606e-11
4.623278646631788e-11
8.881812684191996e-14
1.7335098509835009e-12
3.731626392109005e-10
1.0921361974136699e-07
1.3499519310115515e-11
2.9304549059516173e-10
1.8006535174876163e-09
9.175749707774948e-10
2.3282380764082742e-11
4.6353655257638566e-12
1.5720787181290995e-10
2.643123092201236e-08
3.298635159326952e-10
4.464088443352905e-11
8.783348634863583e-10
7.199339046626534e-14
7.590095589367768e-13
8.059301679855399e-17
1.4043103484603894e-17
5.788145372173263e-11
2.376338189325676e-12
4.193250561894279e-07
7.444763932474285e-05
2.3040422537142078e-09
6.650208200258894e-10
8.549150327720115e-09
1.1193450185099327e-13
1.1562306504129881e-08
4.689223857121445e-10
9.440948640928398e-12
4.974424909011413e-16
3.28813289330152e-17
6.907810374900496e-08
1.9862164143305577e-07
1.514398462105701e-14
9.35661241547887e-10
7.455866667356666e-15
2.1360935728525594e-15
3.369499278395245e-11
1.1943691316247616e-08
2.179017180073691e-12
3.2627368185899648e-21
3.801653047251315e-10
1.9037814322796155e-11
5.012677889244181e-10
1.8271009678489317e-13
3.6758810146233715e-12
1.0347161804588598e-12
7.668345158736393e-11
2.5909003106255907e-09
2.053480344350693e-10
6.333802048708041e-09
1.948427144928591e-16
4.942100668944894e-09
1.0706514359295585e-10
1.4587705059435107e-09
3.8384116186243654e-12
2.2228400896041037e-08
3.494834391611381e-08
2.3030533681596544e-09
1.7931660692185212e-12
2.8698884095053225e-09
8.368970678830373e-13
3.782227393513271e-12
1.5002630264061887e-12
1.6050402059222513e-16
1.150868733010537e-08
1.2574508028097556e-16
2.102985896940008e-13
3.244776323899081e-09
2.6203998830632553e-10
2.873486305770579e-15
8.02282016125401e-13
1.055976433371453e-06
1.0458177197246969e-10
1.371277353850141e-11
8.101754219107104e-16
4.5935471163090686e-11
3.703118584994769e-12
2.495424618592348e-13
6.143887121059167e-13
3.0923731968530124e-09
4.149765868730677e-10
4.1052294436793454e-08
3.64926505197727e-13
1.8312929056797872e-12
2.1112940643464519e-10
7.941685333530195e-07
1.7505954543514627e-14
3.2540644747753525e-14
3.459417071307038e-10
8.886458963791558e-15
1.4849094034510463e-08
3.138309953474063e-08
3.0734942993722585e-12
3.5281051615590407e-09
4.0391448193811517e-13
4.0715038288088746e-08
2.3614260804623813e-10
1.6081436749977016e-12
1.9101259577198195e-12
9.364261184646768e-12
5.455144276017324e-11
1.8046954330427162e-09
3.447714914825305e-08
1.471489566231992e-07
3.419980868573638e-11
1.033434826901809e-15
3.066358428176577e-11
4.059677138479047e-09
6.580194081240645e-11
6.273751479697821e-10
3.895824941978357e-14
9.110394868918942e-10
7.900333662031031e-10
2.9620261947054333e-11
1.7087155231279378e-11
2.874171954961423e-09
1.690149519591954e-12
1.615261851446551e-06
2.1454309508726623e-13
2.8968125381398777e-11
3.444144972215118e-05
1.92952420227691e-12
1.450642325276246e-10
3.4585448267141124e-12
8.69922706046525e-15
1.2623210163795897e-11
2.8993514604402976e-17
3.825363575112256e-09
2.5971095134731234e-09
1.1750015950146853e-09
5.0693902811099876e-08
3.5069843983250986e-09
3.246590450953362e-09
3.0294606005872095e-13
3.2538101375332726e-08
4.3193899060897294e-07
1.223336724078922e-13
9.070398078846153e-12
8.05585529053647e-12
3.520098513919287e-10
6.354622070173156e-08
3.1171932996372903e-15
5.0769009568289747e-11
1.1048515278136915e-09
1.0535815102813002e-10
3.496538813719736e-11
3.484583914838594e-10
8.318765049294845e-16
2.5206356047921884e-12
2.7935236929746802e-09
2.511050547503023e-07
1.4198469037681987e-06
4.3193009945817627e-13
3.3776160129587795e-12
1.678973157324679e-14
1.0517678484935784e-08
3.014141240278997e-10
2.7683264099924914e-12
2.2446908009066221e-10
6.1666133495622e-08
5.127721674684131e-10
4.137354264845811e-08
4.972578595722226e-16
3.906714229260835e-11
6.189122673031656e-10
5.402616087571435e-06
2.410960432873318e-12
1.28019523184121e-13
1.8631852537840378e-10
7.344745861930141e-09
6.289395667048322e-12
2.3350929352073678e-07
6.278403254691666e-10
2.271382017963129e-08
2.132688310114229e-05
1.345306288519048e-12
1.5064893022442825e-08
8.256425969316746e-10
5.573987821207118e-10
8.37706431378746e-12
1.4625224847419665e-15
6.756047381778022e-13
9.835350365690801e-15
1.7978021086915523e-16
1.7604048292736372e-09
3.964679774312005e-08
3.6898147413594504e-09
3.8461110070657474e-11
6.365827807218048e-14
1.8166024529278852e-11
2.3375580316533677e-10
9.217556705764474e-17
1.4610042657936598e-09
7.01366760877391e-11
1.5071767004672034e-11
6.868183799889481e-11
5.396230339419216e-13
8.070295232540192e-09
2.9940866482080616e-10
3.892625654292787e-11
9.253667074660083e-14
4.162898672220373e-14
2.5091707060847986e-09
2.9364255427789167e-13
3.2190519045920365e-08
9.642706045082825e-12
3.020296995079541e-08
8.888736434950357e-12
4.837686492549685e-13
9.345001906752461e-14
1.2878943881170998e-10
7.8309159854053e-10
2.1590600037243094e-10
1.513217032379347e-13
1.640162187416311e-13
3.1988923896147556e-14
6.264084986670096e-14
1.0675135495124202e-11
2.0482056050791967e-10
3.491182351194612e-09
3.039132657088295e-11
3.321636753855736e-08
4.041918400209956e-12
4.725875845948631e-17
3.2186637160220186e-07
1.1057106319184607e-15
2.2795054473463357e-08
1.3208815320826773e-11
7.336129498984309e-13
4.4359033259801406e-09
3.3008140035035496e-12
1.3863074707144506e-07
1.2793987387208685e-09
1.8804785903094756e-13
4.253090567980035e-08
3.6014623161272436e-14
1.2645395999863893e-09
2.7800286541391956e-09
5.510511083471303e-11
1.0134968323777034e-09
6.678626782383418e-11
3.841182354356149e-14
2.1311429975222827e-08
7.029728911175206e-11
1.7410339585197648e-18
1.1492401302644082e-07
4.7636819715938684e-11
4.335105385132256e-08
5.860576202621493e-09
1.7811506935565088e-08
2.3322720905066484e-09
9.667926693878044e-13
6.283477337046546e-10
6.828541038006049e-10
3.222483878819754e-11
3.341847976950897e-11
2.553588438259246e-06
8.344137532930443e-09
2.86724889543294e-13
1.1195961306902421e-10
6.438749304692491e-06
5.2398343262999975e-18
1.627322207041296e-08
5.7288008335918435e-12
8.224295591089458e-16
1.0129738585202704e-09
2.304114213387376e-12
6.400933998909832e-15
3.207805500218101e-10
1.9426030302902857e-08
1.1540889966914647e-10
1.2499933774409585e-13
2.441914077877472e-13
5.5280726279209304e-11
3.6773116334054733e-13
