0.19859902465987844
0.9652412531002716
0.2464561721565115
0.5808595864344123
0.19229401603774254
0.015755218385925057
0.2098766343736102
0.6738749997682748
0.444146137882487
0.05559471354565981
0.9956202659250865
0.5275953340442309
0.5563709629713135
0.5070368655716437
0.08589502052308054
0.8925190139082857
0.2886649151419922
0.00186721906624987
0.17362805404675452
0.16422582566953703
0.09784835092503785
0.2352783674507371
0.0685608882067611
0.7238813481408051
0.8637931739335996
0.9049360610673753
0.28596717778054304
0.4187121870849253
0.937462815854699
0.056857990712705364
0.16763626277093177
0.013477175538875397
0.1970526217940521
0.1766624862453911
0.4531711549042542
0.4572644195477967
0.7658979832211021
0.19033771318918946
0.1428939176473993
0.5938607421082943
0.9380397085005778
0.9898466350575483
0.28469623811204836
0.9108504557903516
0.8715309834259936
0.5026521133919124
0.8176136800432925
0.5700159955448028
0.9485718952539981
0.537189115858806
0.35505991507667156
0.76760331869799
0.9698642618471561
0.15341662303429682
0.470207506262178
0.22603599557767742
0.988540843404
0.8173088853096111
0.5613369806381687
0.033205220530783376
0.8991791139369196
0.8229660866706796
0.08611437125189206
0.370869304897207
0.21291131894324075
0.7485401651113828
0.3234945753505962
0.4472920530239477
0.3967562500784392
0.18084883225861015
0.892881800611512
0.3914177309525291
0.4204349915099568
0.1385480005989761
0.5317924475032928
0.088058745547381
0.4773474660240873
0.09725233003275657
0.2757088933690983
0.024131883671759002
0.08031000890839302
0.003220402428438707
0.44803511047119104
0.9280849937684035
0.7733347663498389
0.13877814823512816
0.7941149123795359
0.5309053951794449
0.32447339648622076
0.004718512073839876
0.21974259081260664
0.8977909897751988
0.10847151063147509
0.4610310781927311
0.27754940195734057
0.8103148948271803
0.44343685590063386
0.6828672211261724
0.17488895539155722
0.9951864723629147
0.608459292885628
0.15408932183694368
0.9006334145063577
0.4538236107939429
0.8608390012978342
0.08655895076138993
0.8980512086828056
0.4626733364936233
0.5648505710075902
0.1265604714988542
0.6678654540660112
0.7543090718034876
0.9687658002061399
0.46569877652235325
0.7171517243511205
0.018446895771322937
0.6535913767392263
0.9358289116244279
0.2544474222578085
0.06314126164532685
0.037469230425327904
0.0431612772167932
0.27802300173095534
0.1347009608802086
0.3808042491246313
0.09343964458797305
0.4603097139174951
0.48655746015118073
0.5791788568255067
0.003555684087370503
0.8630878535716275
0.5575681444627709
0.11126640168245322
0.7573353748084336
0.11069348863391178
0.934955339873629
0.7534475995168795
0.2928852573168261
0.6012129665833401
0.46155456086677993
0.7758985634035123
0.11110649329686277
0.13057037487279974
0.6915510497770738
0.6760775265184731
0.31182184796456636
0.7190014225009516
0.9709322876992194
0.8501604247601589
0.8120132972406188
0.24869423729888473
0.5105763655938624
0.49154664165736417
0.7741891407266621
0.7393830701580031
0.7337384232932529
0.9952000884893151
0.728800554669498
0.08490725927627074
0.010080863903036976
0.8334790483205062
0.5067262257782827
0.11281923839661645
0.06994217097129711
0.24605314114447302
0.695869054622429
0.7762538503677165
0.35961117521462116
0.21035239093934954
0.9416963550253952
0.31959608341618617
0.03944719529886287
0.8943837507798282
0.6773404156412179
0.5576236368715672
0.560904292700347
0.8297546187016637
0.08035330762700947
0.13936230398837732
0.051867485259053936
0.25588430936300977
0.24799079509598448
0.9424367166692342
0.00807710008741441
0.9756449716130844
0.10380417524131547
0.03765063392227065
0.3679400420657626
0.12014014397350681
0.9734657207678079
0.6429772271032081
0.7574097093018202
0.37522955473021224
0.6180040544822374
0.49041425620771306
0.48041860546470283
0.7807035533543549
0.8546707173243732
0.13217245458156696
0.3510778560885084
0.6468253740125102
0.40890740413258275
0.5920864718682974
0.5689910228708375
0.5029544163624531
0.3270230505440613
0.8855773252280441
0.9918188445480562
0.8995976007757759
0.8479769527001787
0.4907760254722553
0.19799675842601022
0.9172904200266196
0.3487635805851619
0.877100937971772
0.9502157636539112
0.24097450595064207
0.3015572783933558
0.9735852448976684
0.781784191933843
0.7042879767215549
0.8863474497497329
0.9162581685087636
0.1643700539711809
0.14441822783473413
0.7688396532415818
0.6954719662115048
0.8439833953030089
0.2675318518930866
0.6617874793941598
0.6657081469430035
0.604235106461819
0.2871058298752805
0.7782569985321237
0.9006020443010186
0.3923302096897751
0.9838388041809518
0.8698371107180196
0.7895547483885117
0.769502416478955
0.5153767851186022
0.9598852735203717
0.42013820434988547
0.6197139840598064
0.16122951215243497
0.1273233659085022
0.4226294460216322
0.9405119390649926
0.7781568186420813
0.4476521946815675
0.026602019443459902
0.6390889674207564
0.4704702070705229
0.4028168479463346
0.8754092730761751
0.6523001598837344
0.8747976328321303
0.5328638695893568
0.6911233206662535
0.02606617827165918
0.5655200453715519
0.4123638222239475
0.1779308725311108
0.7144285500776435
0.9329227704906321
0.6208941892983962
0.13099541165893736
0.5304301520742014
0.24741108225967245
0.062477243927816284
0.3048972479256613
0.9495891983136157
0.07109487684059188
0.33233694566955774
0.263975260934204
0.2635026103143912
0.1939769653164487
0.4500241264129259
0.15327736180619622
0.05034498446729341
0.9340009060903929
0.41898841611673043
0.8054432527375281
0.20775497045424307
0.7647437527115992
0.4622211384926355
0.10928328090522918
0.9200168750700688
0.399932483222916
0.19508793995025722
0.12628149039995082
0.987958904359104
0.8465425048603823
0.35601811022971264
0.5900068890720394
0.6260748704865564
0.8040653202108228
0.822955704079545
0.6337096130283797
0.3171709446465206
0.9884594261480915
0.35110730654163297
0.8178725459157397
0.4647547187002006
0.8830913143668637
0.6238870292524856
0.8358464186853992
0.41758347489247033
0.12421890382424786
0.9126728796372681
0.4159099647181835
0.10627913207749615
0.9965740144202759
0.7313757919846589
0.9819422960149051
0.818005629894265
0.9896745256616011
0.5080364761587648
0.46171010716031086
0.18003917078695528
0.7497049982097568
0.08780891368788583
0.3923813810207879
0.7376076858182901
0.897449672229877
0.3436746005994875
0.9135772550572191
0.15035884822356818
0.2469481092433965
0.42127875924319813
0.8262235821666242
0.15702292566303155
0.7937875928544482
0.14693304715124966
0.28048788261570645
0.9508548427198888
0.9164441057774708
0.6360462171019816
0.6394378471013225
0.508182970652217
0.10904887248167738
0.5242044983794988
0.8529152964523915
0.4040531059117332
0.18278393434809415
0.4114731654080861
0.8971025191349697
0.7725857382782642
0.7739856064191906
0.28861093861304643
0.959775112596924
0.4685085852053634
0.35274087014843514
0.7435112647817117
0.3257280414118857
0.3013439490809135
0.41618789781151766
0.9017244636547053
0.011029159843092495
0.11127992239812125
0.4971461811808524
0.7870065826758317
0.6497841894728486
0.6577867616250983
0.9830485565845559
0.13512033550098757
0.2655916502164025
0.9295871608730643
0.24260194014827405
0.865023019059277
0.5206620889862168
0.9226763238415179
0.39880220650501813
0.2004239850815197
0.7041183404110043
0.6002961151650608
0.12670161199476468
0.5272562312261517
0.47162075567829276
0.18984644574215337
0.6457717208067135
0.3935462806137844
0.7065241259353816
0.7768515970347666
0.1298058403782914
0.1723616907350669
0.4884149868314427
0.7650065527687258
0.7986393791125119
0.022242798417620557
0.010609297931927886
0.8680000995233441
0.7604437523579942
0.7388829977799246
0.4081906167026259
0.7094952885473453
0.7848939904757448
0.16278287060395297
0.6301055602116343
0.2518753997009979
0.6353613066568445
0.5900671652665738
0.9688815800371456
0.7220144182440114
0.6406593038967158
0.6857843816948446
0.01729834254669771
0.6974277867871259
0.20955182221753343
0.5042217200343976
0.11717027309927183
0.12727744511077918
0.014417006656366027
0.4583997411812144
0.30840334220675225
0.6858719631164076
0.9979654930994578
0.3372552961125874
0.8918064240354846
0.608260759002694
0.28676763563233076
0.815273248861591
0.06261921178210184
0.626680272653819
0.9543219850512827
0.29900326576186986
0.6375317021206348
0.8384764517904493
0.3418537036837508
0.5605634648792408
0.5918157701806299
0.9200214821544693
0.4116340171686261
0.9268376204702005
0.7681655016437858
0.46874433603394333
0.31824121269290334
0.010120183817990291
0.37276835825382804
0.49033544868443646
0.6838495905345106
0.38919060641936754
0.5923975345117477
0.7363960239665672
0.44274839334335025
0.46158295729823684
0.7435652717668849
0.2469153800693328
0.2521647138027059
0.7080182571961054
0.9900375504451653
0.5783184257178698
0.9855334718847739
0.23473764183639378
0.28209652252034756
0.01128803582157345
0.04599004796221185
0.5350059139384888
0.2988582796047308
0.5795554985938736
0.45343519431024454
0.17723690109860146
0.7681837734169008
0.9831552565989633
0.19219166751851272
0.9615469662501323
0.600631289995965
0.7968894452716118
0.3937460106287489
0.5014517880366338
0.5242501677563065
0.6185285564327272
0.7164236255136216
0.06985632681447473
0.6154545790162576
0.13898631272415485
0.060703871473575505
0.3541407094685307
0.9584119380692229
0.8232494653967202
0.5902252251079189
0.7611309643288575
0.061151311621881414
0.9855593356652135
0.8097048140148474
0.10732339463536733
0.49007842096539234
0.8611601791139893
0.5621230540293982
0.7214278254338643
0.6104208707152805
0.6744888821633339
