0.1797898612515225
0.05189981462249531
0.8152222735253023
0.381395623456682
0.3780337105712195
0.14596480124937536
0.12438442240911131
0.9569510251388109
0.3281078385013643
0.3628903414297917
0.2832422668024483
0.3553547666261677
0.6960848488268173
0.5060013595221545
0.252726199395631
0.893034417205514
0.9211571983666402
0.638160739549927
0.5707843996938802
0.6092389975000152
0.8600064016564201
0.971889173189802
0.15682530377906745
0.9142914344017485
0.7617944488496317
0.9634571886172443
0.0610388293286056
0.6965403051360091
0.6929250765253139
0.36316588280543294
0.8312049475713643
0.51845414216544
0.7306712385693929
0.8043019933634705
0.8090498119091498
0.29988425952770403
0.8740182572995527
0.055634793871119026
0.24835416390039308
0.8438131896418788
0.6769263015398691
0.6809299166607157
0.38436505997200326
0.8016223901023376
0.3874660811557877
0.6773868875549904
0.6710968115588218
0.6160347261438688
0.5202271641140888
0.7128752017003746
0.6141161471537644
0.5786428472338264
0.2374320233447102
0.47439156556909645
0.061440516601644644
0.2884644338143926
0.7174110877011344
0.2812992221641567
0.8761034871026026
0.1602347598524625
0.05980559505022609
0.8117915023659228
0.6965646036282185
0.13234906693087173
0.7632072602465423
0.4290721215591718
0.15117384008301554
0.5141336277793652
0.8783420633721326
0.4126999891537577
0.04420345934370462
0.7772647063700177
0.7834091356815975
0.4620255564550879
0.8075210856827415
0.28537009306561056
0.7737594855436414
0.030721681427332538
0.35207100250463175
0.8077166630128407
0.43276063056232944
0.7681374639310514
0.6336512808547121
0.49730799097822365
0.39875649756571624
0.4052592739254313
0.6825792314147894
0.7947563594588797
0.46163311329977663
0.1713865710120075
0.26696359908248524
0.4342990476442512
0.28290350258096675
0.41627854323087354
0.2807616305017757
0.24602270907796675
0.6246407658155282
0.5183204598923083
0.30671579933036774
0.481711615030016
0.33554734894660726
0.9451437741933166
0.7874469472603964
0.11480397643065365
0.48973945767748944
0.35598106700348975
