0.6520548214504317
0.7894819290931324
0.7613984518277752
0.32843002227711104
0.4768026658378286
0.8518483961261545
0.7067181610538168
0.392365864615027
0.2360854894086264
0.21784075651973378
0.04153998265257531
0.1627108704969239
0.443186942738081
0.43246316296434384
0.5616058351966415
0.6538933346688192
0.28743696657188134
0.6043228124669012
0.5726595202228437
0.3972935156957089
0.49665060115166715
0.05739205784367097
0.5757075396133409
0.8310073748693951
0.24306183696061479
0.03395656430931515
0.9908256491675058
0.21276854098821407
0.19375823950973
0.7653316243851529
0.034071775148444304
0.11844704846213827
0.7017939737499085
0.6514321725405061
0.6708826980915387
0.7586908998973522
0.15904798115944208
0.3872428311605538
0.10906829699095599
0.6821569682587836
0.6182389764036891
0.5658282324938065
0.9763001749996172
0.41013401895745516
0.5558286690460352
0.07440070081752251
0.8540119738290048
0.7554097151561857
0.18998202631667227
0.589295299168904
0.6816271393109381
0.44430131342070567
0.020616011106362374
0.7660043707588784
0.35292114538396663
0.7619510279763625
0.42028657181909734
0.04985975568220388
0.3710945099570888
0.7486513682471057
0.15431810276197222
0.85571585476275
0.11805207390878969
0.8658582497373362
0.4496665252856866
0.01330576602492213
0.9661215714692495
0.8418214998153345
0.3607241177676634
0.807957886313608
0.3979461820760686
0.9742303949095557
0.8997952319420612
0.46194532112002307
0.5863993864462652
0.06265212221232927
0.6667176191655059
0.21031860846181816
0.5526532478223196
0.8803219279960754
0.4905453729530438
0.0589583811772989
0.13259756129954003
0.7994562727741497
0.3141334313762394
0.8402408699961206
0.7848819406638362
0.6481660927853352
0.3781613947889229
0.05372785085977023
0.9900947773969662
0.8123424071806166
0.27460827423491163
0.9086299818151129
0.15705871902941682
0.7059737979789857
0.11527995332281134
0.6799600132847532
0.7974611997965704
0.08924037971316179
0.4808341507357918
0.8742774149077666
0.8219622622476204
0.7960496681407793
0.16935095678165224
0.3945870811858153
0.17935281584927787
0.5989679696101824
0.33551855198691816
0.25512546957853144
0.9326408941506588
0.7787694118442088
0.1313319060096649
0.7100759113559005
0.7498314857666517
0.4479751664580842
0.032663162621078705
0.2952042483323374
0.7575207755123405
0.653431231782448
0.31169869205096346
0.3647921038098396
0.43600482915807304
0.19216134732822585
0.7536855786594201
0.9096414983970131
0.3511248496843268
0.5783460177685809
0.6175381661817596
0.9938159888353778
0.9317005170022881
0.5877125926426396
0.5009829201968257
0.45023715240159934
0.5187248023285728
0.12286517151817433
0.8730350359401833
0.7135322886585393
0.9698476375793434
0.37733101804539726
0.7518483223009248
0.7220175969947881
0.43881160679393694
0.5434485213710814
0.9545261394257591
0.5573313043518571
0.8943223521107084
0.6775689734615699
0.6274432655218725
0.8711482883772931
0.25729698760838193
0.08194773071139663
0.9706738045790341
0.34747806035214124
0.8087344339312927
0.7626515566441805
0.6976141412196868
0.5414803199304539
0.7698797499028465
0.42993774931165474
0.40607006300422177
0.3324930259701127
0.5755619476612222
0.4086134101011855
0.960676965076676
0.34968538692069395
0.128595669238057
0.722844801157796
0.3701111813179843
0.7485573431455521
0.8293243821798999
0.6657024785573171
0.3975516360224738
0.9327628407193784
0.6661335410225211
0.6288761423116419
0.45605535664801883
0.2195676444809569
0.6995673458715977
0.44544017968357424
0.7058788327069097
0.5371824504010383
0.7798649703216213
0.5631149823425032
0.0791788875434481
0.7048073065785132
0.4040816437734672
0.8022677063873822
0.8338240179546739
0.5405187188283886
0.027492519053685566
0.8615198229222777
0.6480013927734867
0.0008690384276608398
0.30409592526687956
0.5146400099625319
0.20855586456590336
0.015687386082195578
0.39186949599960874
0.4519421268292829
0.2407007568665369
0.3720306378478476
0.3380774378614043
0.2737856266906922
0.5844531014625433
0.07561325087456372
0.9578722455108996
0.9171437541288672
0.24886430251494113
0.2870128340791483
0.45012265990033473
0.8989766920396207
0.4208896409882308
0.9434233721415997
0.9650991164217573
0.8963199143273832
0.8268650027443942
0.6310612343253339
0.5879423223581707
0.6135013108058383
0.06542050566006452
0.19377324633758122
0.3919174779228188
0.7449556115836783
0.4543370281132096
0.605450182842129
0.16038669633229743
0.6548489119373135
0.19516691868928082
0.30414902096423607
0.08081921508558809
0.9210873768498486
0.6140266038264125
0.4292129292086612
0.891212988061427
0.8386869040028219
0.8877804098595888
0.018979299078764056
0.7059070314797795
0.8558747802478112
0.950259322738878
0.19883681341350964
0.8878931803757445
0.6971046768839004
0.11696966167050915
0.18438528346636263
0.6680025246783348
0.046566816571098284
0.6850149320287953
0.6259030039493598
0.5512640630106768
0.7528139413489944
0.06389148687462542
0.16358233719373816
0.5019970108725522
0.4262903305095602
0.3079394219449777
0.8869163991868381
0.7906868671551925
0.5129975932450122
0.4517654096821673
0.14762610364038675
0.30918561637554687
0.21012304791534342
0.4881644826762796
0.844101280125493
0.4904115076048492
0.29350841130440575
0.9000197183555647
0.016402070442930638
0.4060659918852593
0.008920828040651863
0.843336453800652
0.8044606992620247
0.673171710177863
0.7780329589325614
0.978184067899377
0.09710103040311635
0.984418781162111
0.7569558153442715
0.5597591428159515
0.9737306798286329
0.4454117443283099
0.38544661635829947
0.7822947150028847
0.11803344807527244
0.31265663945021727
0.9451852135832017
0.3655704106486586
0.7736392895918986
0.6896125723359294
0.7655566628026225
0.8824829713496747
0.8501717275703442
0.5083841289467682
0.11676070639977554
0.3549454392692417
0.8591437188582214
0.35533769798346904
0.5320149339491057
0.9597137539631979
0.9805006398318807
0.3488710893061655
0.3004291530678378
0.20851366299348073
0.6291933133925476
0.12117244607606481
0.8923159673646439
0.6175103726920692
0.4433674572101485
0.522502946144755
0.2532713503678057
0.2971130509783413
0.5545621600159023
0.31259497026409977
0.842035208349369
0.5310703999841944
0.9057835690759857
0.015055515157849966
0.43955270303148
0.18838126529508448
0.5811300717494834
0.34255945754688666
0.08683855751233457
0.23151046283802001
0.3840535263714848
0.8170720775523446
0.949793144943496
0.034568297142938985
0.33899164545491756
0.9033118107573123
0.32522270456464963
0.8443546859040614
0.4264023775095684
0.05453196948988407
0.6978252356536851
0.6223875951308017
0.0029808782053857286
0.24176066131630058
0.9029330585565076
0.6295635686969985
0.4044200264611166
0.4679246963054437
0.8519214614177704
0.9287784200163894
0.7793601661315941
0.6487096252070232
0.06722916789790738
0.4950427229901164
0.5314575807356967
0.8867739826243397
0.5105984489176201
0.268393564472321
0.39313611795663683
0.20560789582327946
0.5349136303363617
0.35846972730574955
0.1968868953800138
0.6332669787352044
0.12140560175552002
0.03969882475324108
0.8844594181268829
0.3948446726418277
0.6862404583149457
0.03968464106394265
0.884197876816772
0.10041974915277141
0.817736484157322
0.7280948490949641
0.4441152415516363
0.6673779737401146
0.3423039871792781
0.29236356036383726
0.0295622050424267
0.7557455378938454
0.29800010853259407
0.2476002091039553
0.6706459190648697
0.16839432851550562
0.8076370778784543
0.9005056769316522
0.9739754762051618
0.4339475398249629
0.7872507940923619
0.1370186199652874
0.3686024389875509
0.9558804280945553
0.5368634530849188
0.2446098109916156
0.8508952294906641
0.35820853740238623
0.1217488475606392
0.3454260565026875
0.7119564295164531
0.6372098439234688
0.5718140138117247
0.2494217385127438
0.02477836160051128
0.09791656554461703
0.8634123646606064
0.7006354172486972
0.15332864921918946
0.6323545666549392
0.5245881718615599
0.25090186097108247
0.2940821826066033
0.7292449593054641
0.6438611377106702
0.6826919603877792
0.5002376072965227
0.0001882136778450505
0.31721824402119364
0.5267407039880758
0.13400532506457455
0.48020692163971623
0.7339353453529636
0.11227201136057063
0.8101244840493921
0.25476349051980707
0.452955040254089
0.036792145709013714
0.975234191654393
0.24746015408720146
0.7510234829527471
0.76088042736144
0.186939645885295
0.004930241126038446
0.8857036640805442
0.41875655024927183
0.009112921770757548
0.96117231251262
0.81864569250315
0.22888352718259464
0.19777440218105966
0.6348584633109543
0.7463883963491221
0.9258518171990919
0.7591147874205046
0.1580138366555524
0.7190563480378189
0.18776517508778512
0.47317941377352146
0.2741961410941345
0.6133103713740233
0.23698975828007263
0.6420113578582283
0.04509786364890611
0.03780037789982038
0.8608748855688487
0.36728332540911124
0.5673734239617384
0.2860078445540173
0.855364674142107
0.6175446754454753
0.8439329254280827
0.08830536277247361
0.7992624150203242
0.44116733093078875
0.8345527934076937
0.20390317448911754
0.2854622549981567
0.9960917818163169
0.06064001216875562
0.854918801339906
0.3282083531579339
0.9193282879514999
0.753178565953595
0.020487243645820774
0.675453769641758
0.2825138127381468
0.44074677099066883
0.5551978792656522
0.7425895732681843
0.4223560307319827
0.2972141848039993
0.16743481406179672
0.6775963606710853
0.7958003327610192
0.6162523833589274
0.30851109803575205
0.40301644428954586
0.13872985791672357
0.7904876103789515
0.021121929348225432
0.7105924716858162
0.43046597597376457
0.5235143262200153
0.3491228516170853
0.47943733777996345
0.2546094131910561
0.012502516420462406
0.2069447225158101
0.7122942072099689
0.7789953222079679
0.6520802073164524
0.44137119717988726
0.9860662452888747
