0.08999843753428571
0.3134434894441941
0.5893880542686896
0.15699951439358045
0.3704264895354923
0.00023887234531683177
0.09337021614390342
0.0006810394606711068
0.1311612893557459
0.2861008305434264
0.7792207891980469
0.01144618433550959
0.48399550564020477
1.6553001191965677e-08
0.8876275304996397
0.010276869344365558
0.7002062763559952
0.020822787772591056
0.188480536834865
0.07342784009665715
0.38262575830380957
2.0019179647334795e-09
0.029296232492208363
0.8704995968885456
0.44823764000868804
0.617317269539892
0.3390468147007033
0.7501978869418938
0.8700678948730967
0.8520293487530375
0.013732862067919127
0.8191777919605344
0.4276638750914159
7.372947563588639e-08
0.5401207425277745
0.6628863518891173
0.8116855282135536
0.0001019243471269693
0.22861638503643592
0.6298582127239989
0.4341152677002653
0.47926668028612207
0.21893079934608362
0.8266750618028992
0.03937179254196277
3.891051538862378e-05
0.03611330019294723
0.790378090980214
0.7192101895137046
0.4507210019195935
0.01456919714853866
0.010355369051010976
0.9532708674334132
0.5329282348852413
0.35423189596228866
0.001978233428593823
0.667908749400584
0.7570016294961361
0.8435754815139845
0.03177284425619531
0.12847790012050564
0.33575024229077677
0.12811735247027478
0.2323492069184012
0.6262771274028994
0.011940161751731626
0.00824412425390908
0.20549446982158992
0.05130384678855249
0.2941925179693399
0.38016715519249084
0.6777469023185007
0.4676414104935675
0.638396618963343
0.0828886904845978
0.19138675317758036
0.1822924680262623
0.5534880717700345
0.04244465236591434
0.6619948500711242
0.016622556729077864
0.07727782117261084
0.04263306374670206
0.003128205883400126
0.6011899195115398
0.010957546579195565
0.7644485736381199
0.5832807419124416
0.8711061919358166
0.24323628458054958
0.535028091662079
0.012308506521518936
0.01116624772185415
0.37491231553477933
0.9824257755198216
0.006160691868698498
0.5490895635790455
0.7246725366373805
