0.1797898612515225
0.05189981462249531
0.8152222735253023
0.381395623456682
0.3780337105712095
0.14596480124937536
0.4946497286401106
0.9569510251388109
0.45686276838731255
0.3628903414297917
0.386736332000626
0.3454994626882553
0.767235988719086
0.43145353324330177
0.893034417205514
0.7988976665225307
0.9211571983666709
0.638160739549927
0.5707843996938802
0.6092389975000152
0.9238943779542486
0.971889173189802
0.15682530377906745
0.9752922542714357
0.7617944488496317
0.9634571886172443
0.32333139167337893
0.6965403051360091
0.7080098812186394
0.36316588280543294
0.20534524580448424
0.51845414216544
0.7306712385693735
0.8062364521708767
0.8194290293593589
0.2998842595277
0.9139119662744728
0.03210787754444615
0.24835416390036308
0.8438131896418788
0.6769263015398691
0.6809299166607157
0.11479014900704614
0.8016223901023376
0.38778138161385245
0.6773868875549904
0.7167888718484547
0.48736155281879867
0.5034075717158615
0.43314923780589115
0.5863255391736102
0.9471935796008749
0.2374320233447102
0.4953287679753735
0.6301206697198761
0.2133381746731614
0.36849271923597393
0.2815774709932178
0.5609659905999482
0.1602347598524625
0.059845977500622816
0.7803789002311513
0.5585954940148958
0.34539661029198565
0.7599120759367417
0.42907212155916585
0.15117384008301554
0.5141336277793652
0.6352986475282606
0.40720808363618355
0.04420345934370462
0.7772647063700177
0.9863892063318457
0.7003253257457925
0.722181247630221
0.2844214501771365
0.7737594855436414
0.030721681427332538
0.35207100250463175
0.03350080649798585
0.9623158508319236
0.43276063056232944
0.37942866575781126
0.6291919994833255
0.34432289730588583
0.8602739257215439
0.29320981201733587
0.35639789425900115
0.46163311329977663
0.15712891975044663
0.19284340299531966
0.3407707035294263
0.1001470044203856
0.37704260040081006
0.26934578654038965
0.22941010082169555
0.6246407658155282
0.5524137582166155
0.30671579933036774
0.6552571584156053
0.14357783707314584
0.6895217497506521
0.11480397643065365
0.9099608627450391
0.3743338893033863
