0.0008785725661129007
0.8177901987722243
0.605302882122682
0.8304405386339869
4.112721156523946e-05
0.5934374659365396
0.39896063634029333
0.5718214123275156
0.0028784970354718276
0.6788902180819518
0.00025748699452199375
0.7153731745218301
0.34792722614097715
0.004752483115571415
0.9510077397092747
0.5787240886367939
0.0873045441013392
0.00010588255019183812
0.9271787653623575
0.8379468493146213
0.22764807884086036
0.0006554411545718342
0.0016914236466776256
0.3626685907451377
0.620984328619798
0.9697776479119451
1.104560434939117e-05
0.12654407941749385
0.5400749870011863
0.031733190197869465
0.5131538156890034
0.4470902326491033
0.00022194415799980938
2.5023081216435372e-05
0.15236637806348585
0.41282495384935824
0.011681771154939069
0.9833899532501753
0.03403024679121991
0.20660507182204432
0.5434660227866379
0.03282520720728521
1.912586305108377e-06
0.48087870404053246
4.7600590080465466e-05
0.7674346141546025
0.0008713266183588697
0.13378417594053071
0.01841919279163906
0.8657297238291715
0.08524038604497441
0.6380571325864526
5.170148253874629e-05
0.45074305529005043
0.0032083105009506063
0.11961539384624342
0.11166781439094803
0.00012950122070543024
0.4519955213494553
0.22829052038028586
0.017670564274642198
0.01197221971799034
0.4958412002729582
0.1300805678988779
0.0015025673226105596
0.5424645638428629
0.04351815820137572
0.0130311789799602
0.7710875737684109
0.010785997725113239
0.009218745111158055
0.48665343496157654
0.0024570890285167124
0.5114131479381421
0.15601667201562153
5.007647407850868e-09
0.6685384348607697
0.0015929652261923444
0.2505392768357051
0.020411844733168705
0.20887551975562357
0.8983434771019667
0.00019917213086317886
8.921050930754681e-05
9.052299581613354e-05
1.077350250011655e-05
0.18961237794001362
0.2070149852293457
0.567780349750046
0.6645189162606253
0.09780557230458298
0.0020292416042657635
0.24690925663249264
3.261042225610744e-05
0.5913779493727751
0.5590847561342971
0.13525747252073672
0.014537676450801618
0.6825530113505318
0.21823405285602104
0.14559127637768987
0.5174699841556605
0.00494868058070197
0.816803595330189
1.6514387060073688e-06
1.958742326113594e-07
0.5320658810819043
2.625750883389344e-08
0.026316984290123635
0.5133362964861681
2.5596438641972696e-06
0.0008434104009102938
0.019602052397482028
0.0010826830970305235
0.018222922439043776
0.035846144278390835
0.18153995379664178
0.06542826238593458
0.4458459602953977
0.010935588865563561
0.09296847444358636
0.8017899944942466
0.00010046999322654848
0.3253606925282221
0.26715042083278306
0.5909594833471092
4.426745532359888e-07
1.0827509725475082e-05
0.2110004269995363
0.191448313877143
0.10806509091870486
0.002231551741115334
0.05463584582467429
0.0010670682283537847
0.9920872529719666
0.08001130987002303
0.6895069630868333
0.00012803209014067285
0.015537425296488827
0.0037637114845281427
0.007022467940392962
0.005334454671353184
3.153424203983235e-07
0.5008829138280191
0.0029680183625835355
0.00012750713027798177
5.009613519124656e-06
0.0019499166133785106
0.371689398822844
0.9283255928861552
0.000948120234103289
0.6827093291301805
0.20426663843867066
0.06454354020678643
0.004085116332664285
0.9073586278177113
0.030028172696875632
0.08276684689834002
0.340856060821161
0.046055715828639654
0.01590119982236593
0.3450701995212466
0.005261945027839721
0.01352540893288623
0.5431605107030271
0.3228064518760003
0.003374598627530645
0.5057884224317606
0.13551158565255705
0.9198712451709663
0.08042455451655628
0.006058867680630575
0.002046896562912348
0.006580874283391269
0.013996710229377207
0.5499774197997329
0.10809498840096254
0.042578460026853726
0.028411201943986608
0.19663386448152997
0.7109081872796934
0.8375685703549371
0.1710165115471669
0.42800330795250896
0.3514979342182518
0.7134918622539382
7.539705091375026e-06
3.631742652232539e-05
0.7794668428043947
0.009107100424391446
0.4716863993337348
0.04689012013660876
0.6834087627531782
0.02169017289789621
0.34560467648653126
0.15997122718786283
0.21236957577927407
0.2734887905421157
0.004539072564739399
0.33173205435532116
0.677148323516011
0.012594326086711183
0.8913776677074517
0.6049832242507184
0.0738918148099421
0.2755794437736676
0.7393683302433944
0.004857482046271455
0.004488610367683554
0.15466451265034875
0.014532243841938408
0.008426434218326895
0.8473766964840621
0.28115498537456585
7.136415899555715e-06
0.15235206491352438
0.4385818971254163
0.3489272751082828
0.43298454187187607
0.09916646145063934
0.23002697512306935
0.3133711256797431
1.1572449554186903e-07
0.09542627938180148
0.7045928447717109
0.10098654085128289
0.6647807632187896
0.14329284980407797
1.0173928685519584e-05
0.3375745012912037
0.015162068845748555
0.8319658069781762
0.023798330946685153
0.1324514321888206
0.8438055384936669
0.7183139738694432
0.33448224452285036
0.03685435912752477
0.48883529528662373
0.6438614361210352
0.05493066920690848
0.4383331197717444
2.778348662246799e-10
0.6966146853365323
0.05285229899862709
6.025561390288203e-06
0.036775420358614586
0.004394618507414849
0.00037213364689359096
0.8030518222160182
0.03513425788991564
0.03210543223408857
0.8861962017405043
0.2730269516091957
0.05253072833188593
0.06848807176649974
0.11698947827201356
0.0031134853753349567
3.68252769138433e-05
0.7488667925234009
0.05406080119387391
0.07829468067217227
0.181588971906816
0.009575930974389912
0.00021060725440635863
0.7166598292673574
0.8675585099262104
0.2824541438684709
0.38738788157083204
0.08172948530195057
0.008567753710964743
0.3169849491060759
0.43411863709453224
0.5319568723780419
0.7534560956637026
0.040728060679917855
0.018515839321294303
0.5332082576804305
0.3445643092328301
0.000263441623391536
0.0003401499769186689
0.7483339927522739
0.028368286300326062
0.7329951675661233
0.21913276640918733
0.057272856134165995
0.22664154614353804
0.04797980226448062
0.17224353661402647
0.01999804444260911
0.14846644401731668
0.011284209428131797
0.6062995959366133
0.06753551481679865
0.7850700740738976
0.4799354578060782
0.23600355260665123
0.21699657048495036
0.05730432916424477
0.38763429126939086
0.8384282132880465
0.0038147670724166804
0.050398440770363706
0.0006346453646386419
0.024132096933565883
0.4397637690223202
0.20993407820643561
0.0032777188921604417
6.417323319141133e-05
0.014698669972367906
0.2191196868005314
0.3320887498485241
0.6096797900098048
0.20109358610265993
0.02003471549192737
0.0006245767186048301
0.05747444484744091
0.99375280432653
0.7586787954150804
0.04570734485896
0.8677873650574555
0.9184869826515407
0.019342868942948233
0.5467625649365787
0.004174801712490295
0.4897530795487679
0.006975506250763042
0.0336920597614474
4.28473256874895e-10
0.00638225667863157
0.044885326358820477
0.16412226444793343
0.14390019413415
0.05452016914911639
0.8927700923388725
0.013792834430252254
2.546837987615902e-06
0.00016523074405427884
0.02026251134020285
0.25757066081951097
0.09366217867499271
0.2857233379332402
4.2562002811052935e-09
0.0036416839946646906
0.00025450836312379543
0.08001357725499236
0.008345575297416863
0.23669758411300218
0.7125773370616884
0.3808217069808293
0.006398933233081161
0.06227719275869337
0.008407150261458662
0.2046044139202563
0.2851454452903901
0.596034043023165
2.2777830672282562e-05
0.010975329634217879
0.06918406492263518
0.002733372437017989
0.17400806702310034
0.29812873589438205
0.45092937156494606
0.3708863462336738
0.029472635688229554
0.7439351696005916
0.0086687711498461
0.48461477954054133
0.016514304868401997
1.0393056235624698e-05
0.005771941358184041
0.18760924324389738
0.050898418460929795
0.8948575443066926
7.730296973651463e-07
0.3754928029882887
0.005810804101947786
0.00019083446845713503
0.0009180116728748633
0.0009595716068613314
0.009445600448328983
0.0002779261949092948
0.011976053062904501
0.23645549106827385
0.0002858344845189098
0.4841517840137046
0.5296264240067221
0.03415948502518762
0.013553325395942561
0.23891994035154984
0.2961030605614441
0.08741655814850291
0.6264765897598019
0.01501801614980125
5.356069716633272e-07
0.4741120985052516
0.0005494854411338679
2.1718732207576252e-05
0.0012153355826725054
0.01364688970890704
0.400665545504048
0.7290571321852033
0.030238321384212785
0.229632768344644
0.09204616015718314
0.01711379896980847
0.07591995942010943
3.754486028118009e-05
0.11506677245657237
0.005148702301199126
0.2522666404220475
0.39042526540191225
0.0380161598157136
0.7657798893582202
0.45704309985996217
1.5208594878135528e-05
0.19078771161487906
0.03715442435358218
0.8560752496734934
0.5772466268795624
1.205732502773671e-05
0.29131300018101736
0.9123599218385439
0.04648584820225854
0.03650972556954679
0.9280471748949488
0.002869904919965638
0.00133077275409077
0.06186987373543773
0.011988173145418557
0.9036845155914388
0.44687793662717046
0.001550611156362347
0.06077523695353548
0.21582024393732455
0.053356152706522275
0.00032751872499781065
0.0005870185792984373
0.5764217899738759
0.32046459538964744
0.05563585171512564
0.008679625392200352
8.007056010916891e-05
0.004864889198564759
0.15256376057355614
0.05142997835849705
0.00021269645884447463
0.9339170212428084
0.0017704207359168223
0.07646453216055349
0.021496398758661606
0.18502909111833765
0.41787636426888125
0.006673402460197542
0.03063545757208841
0.5804023300439496
0.8828993460618653
0.8503964778950979
0.21275203704625667
0.32881945027438936
0.6271755344259129
0.2143980979619557
0.11038655740155567
0.15786530628195639
2.1589116159015376e-05
4.912951087732154e-06
0.0004925762294696323
9.407105044711983e-06
0.03354547845940958
0.8582621956255303
2.963648291554044e-05
0.0022591675163032843
0.18301364656737107
0.005321168584649039
1.8537901436133097e-07
0.3127651412747172
0.47091901092225286
0.001544267185356052
0.2945471193025593
0.017764124845740747
