3.825018800203367e-07
3.958302077512361e-06
0.004541279990973701
0.002175821386521
0.0038686473309781527
0.00016143698145518241
0.0012143502965394149
3.241321057729696e-05
0.0021479107740349375
0.003947179539337035
0.015573104508124656
0.0007622810241356366
0.0036121125604910405
0.0012998380642752808
0.00027093365648201854
0.008772574399860322
0.0009209248364521658
0.0061193330296292125
0.0005624769144498612
0.00015460614625909783
0.00022587307769555965
1.0032842489416518e-05
0.00467286894205189
0.0004970282488434291
0.00035185842400795654
3.150805865351389e-05
0.006028201012179764
0.00030566006842489414
0.00033651014942598226
0.014215519842495727
0.004137904750067673
0.0020339967216464905
6.311438408350051e-06
0.0006215311630288817
0.001088402742629152
0.009515893711130714
0.02173634419053913
1.8535918586947993e-06
0.007282081129445477
0.001319704006280733
0.0004767369585809569
0.00021997008534634677
0.0002493729531423068
7.447324914893301e-05
0.0009185157522666376
0.0013017248059163055
0.012680333178679228
0.0034853040776085687
0.0017531075490182031
0.0022567777384584695
0.0003286692811435259
0.0016617944115000461
0.0023088199188899864
0.0004573010640157782
0.0008094163888845726
0.00015100474261448124
8.794791311545779e-05
0.0015958685389546336
0.0004307173255681457
0.0009438238959356648
0.00029735481240114825
0.0030485670024656916
0.026402783041624172
2.813138277987801e-06
0.00042040533903561024
0.015428887852449063
0.0007862727595831169
0.0010064843304342312
0.007454112097535205
0.0011569907983539896
0.0026091628338308073
0.001602298968241304
0.0013649697442033673
0.000901335085982068
0.001990300271815151
0.00015651302217491026
0.001742358811341298
0.00010090610422284724
0.0016100216352652155
8.728389125176302e-08
0.0017572627191439218
0.017377884983937247
0.0009457408134183378
0.0031079616172906073
0.00011726348768369954
2.9984089794584507e-06
0.0005246251000236165
0.0020256370908435023
0.0008509182365284012
0.0014277546103696368
2.24659836698149e-05
0.001531043218532306
8.092870098660663e-06
0.006599680610337037
0.00035210410839931123
0.0020281114962619573
0.004022733366713006
0.000684371438184213
0.002903352234499418
0.0008066250889241513
0.008798941653853339
0.002102916487434921
0.0030785562653561746
1.6745060233639223e-05
0.0014604305762209583
0.0057356658787991064
0.00014678805522349515
0.0005999132998771457
2.8405475803470903e-05
0.0022615689314727477
0.002817526028229438
1.251569701284042e-06
0.0006824620218439896
0.005398098495752613
0.0005105774449381905
0.0008170678897151946
0.004689030045980315
0.0007663442833537599
0.00018281430787845713
0.001620158799909719
0.0003100184822846656
0.0011324287623974607
0.018796102558882793
0.002546098880016415
0.003854729534513428
2.81601560582978e-06
0.009008596395588622
0.0012909653899222193
0.0006673624400569134
0.005674340170281809
0.004526802818954006
0.002109074135183938
2.8065601929634703e-05
0.007943615809518424
0.001056636347775758
0.0019530073764970138
0.0007105511689244223
0.0015560595675397817
6.976902309958571e-05
2.8453313736182684e-05
7.56532883690087e-05
0.0028821738011559723
0.0014695953477714117
0.003255507391796416
5.526146213436291e-05
6.038018765980863e-05
6.800269868709364e-05
0.00105235834678642
6.428718326425097e-06
2.0282566725292585e-08
0.0025593754110744345
0.0010059989697603648
0.000594165075961648
0.0052263822393626425
0.007716563459174601
0.008413614295719166
7.02366562820355e-07
4.7450343224141204e-06
0.0031445024143144065
0.0031929152636493243
0.008547842462048155
0.005652777155080864
0.0036676871236042807
0.007652032562437571
0.003064443179163507
0.0019498172549516919
0.0014492565268440592
0.00020005486873403023
0.023518030711287316
0.01571371445736135
0.0003348451866285274
0.0003866053925609682
0.000256461345307413
0.00020428171185000698
3.142486105864544e-05
1.551628368829578e-05
0.002312800201264116
0.0015276681129753771
0.0008329994227491991
8.948905727315377e-05
0.000697459219211647
0.009389130525363438
0.00010987914031593138
0.0016251999367235756
0.0006586589331669232
0.0003467992067903314
0.0009254631528798439
1.4522292343099179e-05
0.001928957804515548
0.010037752680927731
0.00036334618502147163
0.0004869123645736515
0.0012733970587432233
0.0002317797302885467
0.0010436230596764422
0.0003138225391473696
0.0003388305146813627
0.001370563773776893
0.00016905011812612608
0.0014061221164515093
6.825117885378052e-05
0.0004462897707934967
0.0027594258311463174
2.540543883475382e-05
0.011452261844600976
0.0009019731700220847
0.0014015840502072858
0.004547767888146512
0.004978649761716469
0.03976389535435665
0.00026161408010437286
0.0009107005295709736
0.000579448222033538
0.012279214481381227
0.0018563080141804486
0.0011548666682790172
0.00018234905458820735
0.022240996301625023
0.001054440250767029
0.00026669432815657244
0.00021248030215331452
1.045450357032028e-05
0.003910548831629671
7.440259545960125e-06
0.002540974961112251
8.458631067789666e-05
7.690926794768989e-07
0.01518380307830182
0.0015185845018803625
0.0025949393047654044
0.0025981789287160303
9.331450052214264e-06
0.0005410560135325721
0.0008008695029853543
0.011107167055188799
5.110738566684048e-05
0.008501515665562898
0.0005696656867726627
0.0009650962805275856
0.00010063705689097643
0.0029872417401464253
0.00016105398115159539
