0.19859902465987844
0.2317262985423024
0.98419117326996
0.5808595864344123
0.1598717584099576
0.015755218385925057
0.2098766343736102
0.01950701632617724
0.444146137882487
0.05559471354565981
0.9956202659250865
0.8148035233804313
0.5563709629713135
0.5070368655716437
0.08589502052308054
0.8925190139082857
0.8485879361447528
0.00186721906624987
0.17362805404675452
0.16422582566953703
0.09784835092503785
0.2352783674507371
0.00359646345463549
0.7238813481408051
0.8637931739335996
0.6964816341524995
0.28596717778054304
0.4983137305191077
0.937462815854699
0.056857990712705364
0.23880421222763704
0.9923588258939164
0.1970526217940521
0.3938671749536631
0.4531711549042542
0.3352293879384711
0.7658979832211021
0.19033771318918946
0.1428939176473993
0.5938607421082943
0.9380397085005778
0.9898466350575483
0.28469623811204836
0.5717457276970235
0.8715309834259936
0.5026521133919124
0.25913037334997613
0.5226479409527947
0.9485718952539981
0.537189115858806
0.29208231787104855
0.76760331869799
0.5384475037016639
0.473054930408485
0.5079103268246989
0.19049947265725758
0.988540843404
0.8173088853096111
0.5613369806381687
0.02908324843853335
0.27743858823402134
0.05553133362978668
0.08611437125189206
0.15220089428391828
0.8556533305415434
0.7485401651113828
0.29218848802180863
0.39280419677565415
0.3967562500784392
0.0633266196760165
0.35919029917758527
0.3914177309525291
0.4204349915099568
0.1385480005989761
0.5317924475032928
0.47382339534372697
0.25580557241300883
0.10587836968714423
0.9880837338070612
0.024131883671759002
0.08031000890839302
0.003220402428438707
0.9575358138195478
0.9280849937684035
0.4856982094699198
0.13877814823512816
0.33469521624144544
0.5309053951794449
0.32447339648622076
0.004718512073839876
0.2940750574625891
0.8977909897751988
0.47869181168928443
0.4610310781927311
0.27754940195734057
0.21110909802207045
0.44343685590063386
0.6828672211261724
0.3133444488583516
0.9951864723629147
0.608459292885628
0.100898668639962
0.41559038740331533
0.4538236107939429
0.9060370059709077
0.1892715272686447
0.4007220935175771
0.4316614139739691
0.5648505710075902
0.23581070259315248
0.16063937119711277
0.8289208097038603
0.9687658002061399
0.37830833782058115
0.7171517243511205
0.006478855290449839
0.6535913767392263
0.9358289116244279
0.09764169259095477
0.06314126164532685
0.037469230425327904
0.5162680962868662
0.6056466799784861
0.9738862178023069
0.3808042491246313
0.23890734082725573
0.4603097139174951
0.8072797384252517
0.6257185434809607
0.0014988076471358358
0.9160837551257175
0.8423147398651876
0.15329524112354334
0.7573353748084336
0.7628334066571151
0.8480829418206202
0.7534475995168795
0.6128736717243457
0.6012129665833401
0.26148764332205254
0.42979578462733053
0.5419041871110382
0.06883923946957045
0.6915510497770738
0.6760775265184731
0.31182184796456636
0.7990069522473109
0.9709322876992194
0.47377414360714565
0.8120132972406188
0.24869423729888473
0.47178969469292015
0.04844550459556385
0.7393830701580031
0.5261929871980222
0.3638675644335294
0.5060521342776526
0.34699036821102025
0.8334790483205062
0.7767123071555815
0.08088563555429441
0.06994217097129711
0.24605314114447302
0.8040493350939567
0.7762538503677165
0.35961117521462116
0.6850636779537809
0.9416963550253952
0.31959608341618617
0.03944719529886287
0.8237601741657696
0.6773404156412179
0.5576236368715672
0.28664257028987233
0.8297546187016637
0.42097491020071803
0.13936230398837732
0.051867485259053936
0.04331257352635465
0.9424367166692342
0.00807710008741441
0.9756449716130844
0.10380417524131547
0.8838077522008485
0.3679400420657626
0.0740440128329114
0.9734657207678079
0.04906465534157636
0.30253796199423677
0.14645330338530882
0.6180040544822374
0.4185456057025028
0.48041860546470283
0.6079520276465326
0.8546707173243732
0.13217245458156696
0.3510778560885084
0.6468253740125102
0.4391058445187348
0.5920864718682974
0.5689910228708375
0.5029544163624531
0.3270230505440613
0.355374173553159
0.7955349645871959
0.23151803418567288
0.8479769527001787
0.4907760254722553
0.797713032671495
0.9172904200266196
0.3306256547899896
0.877100937971772
0.5904220313641839
0.09004378581142225
0.3015572783933558
0.9735852448976684
0.781784191933843
0.8951124996511042
0.9066959295021206
0.8039622818120936
0.1643700539711809
0.10270723386548863
0.8665404792933064
0.6954719662115048
0.8352940501055095
0.2675318518930866
0.6617874793941598
0.6657081469430035
0.8515013189069738
0.2871058298752805
0.7782569985321237
0.9006020443010186
0.8979606479632918
0.44903927711073943
0.6339889756895227
0.7895547483885117
0.769502416478955
0.5153767851186022
0.9312213140894654
0.42013820434988547
0.9546396708820674
0.2745102694098865
0.1273233659085022
0.06529961820087071
0.09844314554971811
0.7781568186420813
0.6194104979910225
0.34364296992678733
0.6794648001220792
0.2736430494104528
0.5523448675390247
0.24519880093957258
0.6523001598837344
0.8747976328321303
0.41522493719451337
0.4603187591475979
0.4380923777446766
0.5432899098735435
0.3022726855039227
0.6161730905548553
0.8568577200579199
0.4679085202095941
0.6208941892983962
0.13099541165893736
0.5014210732466462
0.36432783582905603
0.062477243927816284
0.6351762293399065
0.9495891983136157
0.07109487684059188
0.33233694566955774
0.8317240551252918
0.2635026103143912
0.1939769653164487
0.08528234075042529
0.30847710533695744
0.05034498446729341
0.9340009060903929
0.41898841611673043
0.8054432527375281
0.37585879526940413
0.4419068254221228
0.6058673372328055
0.10928328090522918
0.8617862599096492
0.399932483222916
0.19508793995025722
0.12628149039995082
0.987958904359104
0.8471926662799505
0.4743325186733558
0.5900068890720394
0.250609700377751
0.8040653202108228
0.822955704079545
0.9529410558052753
0.3171709446465206
0.6324532228050972
0.9740114830615993
0.8178725459157397
0.7099434363031609
0.8542117514781742
0.6238870292524856
0.9569141720118943
0.5823727285879876
0.12421890382424786
0.9126728796372681
0.4159099647181835
0.22271495206814781
0.5272721852940654
0.7313757919846589
0.856310503863992
0.818005629894265
0.9896745256616011
0.5080364761587648
0.46171010716031086
0.18003917078695528
0.7497049982097568
0.08780891368788583
0.3923813810207879
0.5625033976769005
0.6075501992776995
0.3436746005994875
0.9135772550572191
0.15035884822356818
0.580970927918699
0.9517018263679289
0.8262235821666242
0.15702292566303155
0.610926051093073
0.1766337912711762
0.28048788261570645
0.5303448347411661
0.597041643687245
0.9193712345012818
0.6394378471013225
0.15597062160288844
0.10904887248167738
0.5242044983794988
0.8529152964523915
0.463657352155178
0.047325014836252066
0.4114731654080861
0.8971025191349697
0.9400846779147305
0.7739856064191906
0.8280139134367892
0.959775112596924
0.18503394948672836
0.506726685373705
0.7435112647817117
0.3257280414118857
0.3013439490809135
0.41618789781151766
0.9017244636547053
0.004688630564463336
0.16507719980241864
0.48323048293150966
0.025582125694389706
0.6497841894728486
0.7960051327440453
0.6697344388004229
0.25297303786823955
0.2655916502164025
0.9864194172936829
0.24260194014827405
0.865023019059277
0.5206620889862168
0.9226763238415179
0.39880220650501813
0.2004239850815197
0.7041183404110043
0.794959232724568
0.5263373657521866
0.5272562312261517
0.3816538637831115
0.9009705272015771
0.8145450394604047
0.4616100218900787
0.3182683419491261
0.02079587440656616
0.7571685330323442
0.32074148069621566
0.4884149868314427
0.7650065527687258
0.7986393791125119
0.022242798417620557
0.7686100625670429
0.8264082103458334
0.7604437523579942
0.9835120386738367
0.4081906167026259
0.7930382348281741
0.9193008108931637
0.4152026552911585
0.8224579220002399
0.2518753997009979
0.6353613066568445
0.273467824234664
0.9688815800371456
0.22881080762700612
0.9639529689084665
0.994423136339962
0.01729834254669771
0.6607218375329574
0.20955182221753343
0.22729157472599895
0.11717027309927183
0.03308204479679274
0.6837143853514589
0.7473636236159231
0.30840334220675225
0.8984482974667249
0.7536051583154777
0.526253421159831
0.8087402927588393
0.6255669515905964
0.10944711169065813
0.9635984579432859
0.01589483437859518
0.205969385882673
0.9543219850512827
0.13422430342183755
0.6375317021206348
0.8494522257830367
0.1018620011886131
0.6665620015535343
0.9536127860288631
0.9200214821544693
0.6903518269694373
0.4116340171686261
0.42383860502685566
0.5179453741513573
0.9598558370127529
0.6702404124446227
0.010120183817990291
0.37276835825382804
0.7888369751464811
0.6838495905345106
0.38919060641936754
0.6707127880134076
0.7363960239665672
0.44274839334335025
0.3610129405514957
0.6912254269311919
0.05934966129168266
0.06851986994684012
0.07014585751650482
0.9900375504451653
0.5783184257178698
0.9855334718847739
0.23473764183639378
0.9462402843627427
0.01128803582157345
0.32498910862525254
0.5464927924071104
0.2988582796047308
0.38676004490581684
0.45343519431024454
0.8871211970857346
0.7681837734169008
0.9831552565989633
0.19219166751851272
0.9615469662501323
0.600631289995965
0.37149116018149586
0.18650584918859714
0.12662511771694374
0.5242501677563065
0.6185285564327272
0.7164236255136216
0.6101136067942823
0.6154545790162576
0.13898631272415485
0.03922942501932592
0.3541407094685307
0.7809097478587625
0.6551061162592928
0.46003759166206093
0.7611309643288575
0.5824049113242347
0.9855593356652135
0.968941874919437
0.773456985185798
0.49007842096539234
0.22991807078154558
0.5621230540293982
0.8678646013775448
0.6104208707152805
0.8348079267026416
