1.8984641025898696e-06
0.39543314404797775
0.7412680083607069
0.02067746854219199
0.052947399433325604
0.14056331124687382
0.6640813208396392
0.985209266947149
0.9409783033477875
0.29403102756608257
0.6705526288746969
0.26379091494130347
0.8637545752364257
0.3427689493836237
0.023349668154912795
0.3986248537071148
0.8627068007717307
0.18792137665511932
0.008787171054187137
0.440281987479461
0.299593823605113
0.10517995829593207
0.015455042246326434
0.16247578221952216
0.2163211015582347
0.39308725646222187
0.4542316151694382
0.23518303471394164
0.027797593936886855
0.7363847370939404
0.17569880132848192
0.2326468090279008
0.07614652654181153
0.42014077414196205
0.3181974459559411
0.07619975841134985
0.01005442487035113
0.6312824895986395
0.7799995555961177
0.9705038122837927
0.14247537962082557
0.0523960247161297
0.10885537725519123
0.9669734158303976
0.6293120481962384
1.2588663718116067e-05
0.37679668421142964
0.8496334912916208
0.031718324773321926
2.9651993271206933e-05
0.32079454072836944
0.5330146611141131
0.006839203784016146
0.735222170396598
0.1369501517680809
0.028674509063452147
0.41774642795239014
0.013190267451093751
0.9882882656423463
0.5975454989942073
0.011285844218219987
0.056824902600027545
0.4844534385692476
0.144128015700822
0.20168589164748418
0.35571646362209486
0.09794907306503187
0.020721964701908124
0.9012469310596443
0.44154560803853005
0.38337204669732383
0.006329041977867211
0.803579224362734
0.007435271927804132
0.8720613173553584
0.187561009896555
0.19472690450962027
0.6669033152288346
0.33189467507195247
0.6417135256769985
0.08116862417986748
0.34949892691865775
0.6004808052990611
0.7794661568059928
0.9308809939591678
0.2404007473658274
0.0016342327803020584
0.8012881995658154
0.017156670707701105
0.9396327254896997
0.14440730837683202
0.5398268488112528
0.8417758989612913
0.30344739775160234
0.3741338875853295
0.7333312034285273
0.3539409131831146
0.8916901408709699
0.89224078614801
0.0033249744976187046
0.4719377577684458
0.0677854890581926
0.6375449190801998
3.498683821323567e-06
0.6148791371200872
0.06352746831695688
0.02304259667827413
0.05352254021838325
0.393221866421563
0.012094358450819298
0.08765532899059014
0.05626071655716691
0.17965577545920097
0.20727960508562426
0.8007407748311052
0.10349188978425738
0.02069794069848374
0.22774733265545244
0.785208130518599
0.8982321360662737
0.4098297252554891
0.16215627848510794
0.6116246364490633
0.8236729597023593
0.49695445808090866
0.5034101518147396
0.00020660377128645102
0.5119577138475422
0.5508609157337025
0.21530110917557543
0.6385076666145485
0.07994960892096437
0.02765784166487717
0.3839739158328874
0.181525279601473
0.18834156036516125
0.0011175479356055895
0.2618168337679141
0.8253514624465241
0.9749669944164734
0.21609111626093735
0.9506167365606253
0.09246710423954085
0.9477535826170282
0.16731321670502886
0.07503069923595755
0.05787250868979421
0.5895650199762439
0.044783367166830956
0.4625811920295284
0.9362796443774022
0.36832413376607276
1.4247615784501733e-05
0.008865450898135174
0.30451435720352005
0.01757531288336267
0.04751764002801506
0.8281344961790198
0.5876350133686707
0.04740253848034448
0.00032630169517444685
0.5792315373340073
0.23097743872687837
0.0004239878275642539
0.14632633842348328
0.4911994592675446
0.0024971376202020945
0.16755764575354126
0.2294397063138438
0.5604485644048826
0.6338689656918877
0.8153221852792205
0.600428539017742
0.05075569847073447
0.028310055965542924
0.822436172299184
0.9725523365897752
0.06392394999308615
0.1049069563754026
0.3996603010442954
0.02752512066762125
0.16975257391297277
0.16666818070241307
0.30737510531692647
0.017790407391495178
0.03453373787128733
0.9828365107727557
0.6133721339704837
0.5526332266799225
0.8536611179174938
0.0167282948778813
0.23323004869415948
0.8537491866330602
0.9834789508217674
0.19621949921208448
0.6260549875505068
0.988753237350366
0.06545839732135494
0.5915032949397292
0.6954260539662844
0.6411680647029634
0.9149105360958145
0.07191346256083708
0.5797341930624094
0.43256462798498707
0.005484746625889756
0.014139347677728509
0.07428711428790402
0.05782195657665512
0.48616872113092247
0.41087723253460795
0.8410297641316473
0.4653607002843114
0.0010211883076727268
0.00022774153671045738
0.0008646241099057317
0.5273532207091964
0.845358346484794
0.009976243225059633
0.00034279145850080184
0.15971609148897947
0.5489035838773815
0.8049824096345839
0.8686132450186321
0.8883777562471513
0.30116321317716377
0.42441613192970173
0.04930156946449715
0.10019903080755177
0.26512310820800633
0.9552875448454539
0.022563584084339894
0.0830181567955659
0.6978703993627118
0.2667665990453173
0.6315073443656818
0.9857346173784263
0.4447748812844903
0.5822722548659386
0.001163137150837601
4.996334892237719e-05
0.34781294115206496
0.04405157299265117
0.19151711620971057
0.3891816484685466
0.00700356005810665
0.1634731382832042
0.4574917396409486
0.8730335598642456
0.7444069878325146
0.06472725768101917
0.39290609498944296
0.9340495888550739
0.7941920446086062
0.6554959743349245
0.4807715761149691
0.24843632305507168
0.3844745467282542
0.026634883994081315
0.3908089643113797
0.5860416507847883
0.7582561616829315
0.4372096229532154
0.261291279085649
0.6706523615218841
0.5907680812186739
0.789543161056553
0.8098716309356163
0.453620954784256
0.6685014175642798
0.6651442869162865
0.09416104016159643
0.11295205143625786
0.17679662390084117
0.25788505095163916
0.5638141784858648
0.9083643363375974
0.1995796223188801
0.8183143249618208
0.7146377379020556
0.0790148847158787
0.48540267188762254
0.28987594875112
0.5234368782635235
0.8118816143928869
0.6383822174929856
0.04628467675319525
0.5201643227524366
0.42546601873859896
0.2398829749026048
0.3751560378452752
0.4829071692979292
0.11647067369196673
0.0730880950216144
0.7453505918258219
0.702191891540785
0.007718836837803833
0.7010146376286753
0.13123990088985749
0.33035241550667216
0.8244778285022918
0.028355566543795563
0.16683788355443974
0.9946168718486703
0.49487855603949676
0.7807736638649865
0.20884282995996228
0.6820143585761403
0.1449996139780534
0.9213519056527513
0.0035651716382494314
0.5681175474980895
0.9775580940343396
0.5434968770205041
0.7399725418450439
0.8800790702007355
0.21979166012270324
0.1914245348507917
0.5572273075228396
0.48599335453440795
0.11536920830498487
0.9457153407572912
0.012146888210640583
0.05403307406031368
0.2878987282042791
0.23887061614077185
0.022257361498883688
0.30306556868330725
0.45704998189693197
0.06460753240290407
0.5660154423207162
0.5437621687063157
0.5542706187076571
0.8054043636189504
0.4375997880502682
0.4089547124732398
0.2723455641894712
0.8956672311364116
0.8706138936556688
0.03751429914260718
0.7069432293083895
0.06683294520509886
0.59198835059398
0.07307070532016158
0.13972884714256062
0.09273008513100035
0.20698199975321296
0.005681504757821587
0.36705946739027717
0.13756326620826576
0.981075902486092
0.39444491415661465
0.0006931562837164673
0.07219086640815271
0.20716147853884115
0.0012430964916707588
0.485902702982016
0.7679926748556993
0.8701805024018728
0.3281713042405672
0.18765498222604451
0.01957644574244366
0.5130913976105005
0.6223682262361674
0.012818990488432274
0.7070776937306611
0.42124873368318383
0.12131299411685861
0.5176437495368771
0.9550423034475427
2.954257420428874e-05
0.7990871252132107
0.25053512031347025
0.37089631982160887
0.9006316432168934
0.002235388671795846
0.2314188796965291
0.5710684253833622
0.25321926283970453
0.01204322811840064
0.5221306056525328
0.13190719507062898
0.012581169121484548
0.7585212872781828
0.03711939939148223
0.16542425966030616
0.6592780406674181
0.8029200500855618
0.11335429871829894
0.48016573729440526
0.4719173422195144
