0.5173789107151947
0.3294300389238878
0.4445550053570291
0.07009617793394995
0.4047661464985466
0.025943379842934045
0.9257985170124923
0.9597553261734928
0.48293327893783133
0.5245773558000306
0.1578534317115643
0.9147780562214963
0.6259570412107065
0.01101793944555629
0.15556996487094352
0.8436741072230187
0.9501992141026679
0.4648561263167039
0.6440746640334662
0.017338670573511683
0.23973382974288016
0.4593021990260367
0.027493847694901152
0.8560814373127981
0.9083628862490074
0.01883406314781033
0.06808132487272656
0.691667629886202
0.0625500693172516
0.09361184312969795
0.5977442835814721
0.10577248885182056
0.38902484655491354
0.08159505354860026
0.862513381350731
0.8734170856560686
0.028665753373843694
0.7250096853461501
0.0001857943220935354
0.011954376882783668
0.0037319626470366796
0.8408132124778391
0.8392919059998383
0.3089149231414483
0.02359196467532776
0.486063978973084
0.1784189977676227
0.13542894725658217
0.04906136881969658
0.842056308074768
0.44913635235708993
0.8130779843057643
0.2754449993489173
0.8716616677809641
0.9633252200435853
0.006992928121036801
0.7902915271746067
0.15987091733881598
0.6837207340320284
0.008069515603380095
0.34152316227020835
0.9876352807354312
0.004095881682395719
0.16260329170254606
0.03740329498537043
0.11623681657027889
0.014897661012512442
0.7704336725724621
0.19245236926691844
0.19327080772541172
0.033384018363374235
0.8435314662146838
0.20845068802844868
0.002491633638436852
0.12785192131740253
0.9744151330902351
0.0313607695453193
0.07998635643803564
0.6338416664884525
0.16795973974149114
0.5605702160526105
0.19248181291354616
0.009760365183719606
0.18571136194469973
0.5518435013929285
8.727011397402507e-05
0.0014025981772849416
0.005490879172318941
0.7954419117695084
0.01978634284322589
0.6657704294858535
0.10763659889266819
0.7553577663100721
0.4415752586577839
0.9566234043272577
0.0001838928592141631
0.6536715070262726
0.6829675189936679
0.00904233130564025
0.008045737875942649
0.7990950007290052
0.4922559748545736
0.036968490441842805
0.5910705237282414
0.10531151390419291
0.2716281530132759
0.26359727428207846
0.4716042104334599
0.3177514948215534
0.03859580677636054
0.6540553586178465
0.6054412326623744
0.6230089839542101
0.4372798210224047
0.8214690909771514
0.6261689979326142
0.3209953995493362
0.7745131964322453
0.010919589409473573
0.8718444754611197
0.2164367807038477
0.11054786135703987
0.7497495443932061
0.08700417419064133
0.6083783613846804
0.26071561199697474
0.01668177823369832
0.041298583451224946
0.9095420396537617
0.8193084011615828
0.4980867300217491
0.010724820037703253
0.49250083445369164
0.5503484148774006
0.5827971954636804
0.005140457785804742
0.18433818583020778
0.055169240478879056
0.5941293788713025
0.8670779314185761
0.011667534925798195
0.3288393742543094
0.8303415796132556
0.26858822462680565
0.16404063444666805
0.004154148940739288
0.49105632881527606
0.05458513191972947
0.60984995559956
0.4212769356540642
0.2534391774371896
0.07902024546610807
0.39370739411828704
0.22789699429480345
0.2143521423265844
0.008954764560220818
0.863211084866732
0.570289784134353
0.7049349766428766
0.4106342806382326
0.37262694047557554
0.9691467300040213
0.1784263230216449
0.5399819698851227
0.1830734160212943
1.0377558966379041e-05
0.040525369279109213
0.1520527782278549
0.10248614800756072
0.25247955975654923
0.059011200381187345
0.2700611148346841
0.00033592968351814356
0.33621355296685906
0.695052198392434
0.29612310736014813
0.4226875610897163
0.5009104773891988
0.006889251277691244
0.157864859726916
0.03444919952863157
0.0281284811915965
0.010724053516337095
0.0003605493867899767
0.003085464817367267
0.034910165586033035
0.00420610295241719
8.425430098757403e-05
0.5388822837477025
0.14784425844177984
0.0030762658723839653
0.35387758918690015
0.06777897498393837
0.18097587709219354
0.7401446203835356
0.24629324284838727
0.7084077080162285
0.0003287582926947419
0.9220003324426438
0.016651984202065595
0.0033069412716375535
0.47478171415592385
0.291331911619793
0.05092169957823267
0.030006363781535317
0.058577954442928126
0.24673186326471752
0.020189941496749065
0.00999598516905742
0.1659863214838455
0.2622054162199672
0.00034528814178425016
0.8434525822312595
0.5055981464251811
0.46072425573274134
0.9335790983673996
0.3484861629304901
0.019278632498002546
0.6670541495921902
0.8444550508875592
0.04170723832436085
0.0026233948430107734
0.13576344835388032
0.6152434044899697
0.29788833517114854
0.30063797491465516
0.671728864803004
0.43833164467097324
0.2180125914040223
0.11452078456352255
0.9144434120970828
0.3267544033815941
0.22284433931038983
0.9618908530011168
0.2073409927990877
0.0009630050552889013
0.004650680264217
0.028306347445730975
0.5157861339614411
0.29379400253277566
0.08066799953814696
0.2865356462401898
0.42212815811331145
0.40556996445745486
0.5746022065113207
0.4129444374631306
0.009282919685546398
0.520387975651655
0.9604971652681107
0.17679973619169176
0.29296265030462254
0.34459238650054425
0.05457139224878249
0.5189107544403
0.057040639855594044
0.09712072654797055
0.159511544999696
0.2993027587192907
0.3291612659126777
0.1679766264866075
0.7899551425466629
0.6337951017821606
0.5998387784735892
0.0285160319167078
0.10583271603978384
0.5663540296045468
0.06789744806041242
0.274574136243123
0.050816699898774464
0.8868945807662901
0.7975157506320055
0.006445639257212976
0.8880982240835003
0.8657187336219831
0.7976262520774298
0.70817679299174
0.6931752840258345
2.6473618861544423e-06
0.05797090045387421
0.8479212736788052
0.17733494124415716
0.5655973136145767
0.06712493362802596
0.00046005260909942614
0.035122650424138424
0.2520999141246155
0.1480194882442445
0.2776472804768615
0.42772471859490135
0.8857182472490308
0.8700091534364175
0.9405253217280813
0.453235352839489
0.0402655344494498
0.21815811306244903
0.36749713862522415
0.9926444975366511
0.008595646528757328
0.8513746761314627
0.9072867697877092
0.8076375781104581
0.3553568122757349
0.00433795172667506
0.6164973058811025
0.0822842527185767
0.5592311263627934
0.0738200739211845
3.191175664185586e-05
0.0033333060648133017
0.24221815940975433
0.4105665013829163
0.07705446534395533
0.05657550084481566
0.5560658310355282
0.4000219863907075
0.877704521031752
0.3221901931781238
0.4118541665993302
0.8759566553093294
0.28131246648294383
0.26339732581191977
0.1213850646373984
0.2452102466376116
0.7845436485355614
0.489461668896533
0.0595062783100917
0.2544992618392472
0.19107298023713892
0.44500845742246375
0.4864271633620729
0.7184603000163206
0.9205139771040358
0.021768670121231404
0.005800326158623248
0.07278510660497188
0.3701280705678144
0.6050021589788261
0.2880540841128391
0.0002453752419444566
0.0008408778448512066
0.9492736581633007
0.3059529111233048
0.6069670207314348
0.03913391079309125
0.008600191476371588
0.5405401184870308
0.021738564867166632
0.9914607148547865
0.6195821299070834
0.6008392208774622
0.10699795935183509
0.8468757302687466
0.17941236990566237
0.0016935742269110765
0.6735131676492248
0.033431504581826976
0.4216628268683531
0.05350258075119096
0.1503240049317169
0.7797500125337626
0.5748061892308466
0.5378314339679714
0.818779687751894
0.9609794070104227
0.0010155700682195068
0.5291338202879758
0.2148359832473095
0.1068419965358487
0.14020049183554484
0.7862297264332815
0.3486088698129137
0.020899513275061343
0.04296416026588057
0.332270124739599
0.05571600884474015
0.005801178737593338
0.9147605359626643
0.013212361263735817
0.4057662898331109
0.31321092282003443
0.01202876331380165
0.504223101860205
0.33545240829730827
0.7978349050991524
0.023958191475637935
0.016924135634572623
0.3198773430818802
0.2689198240476187
0.6972737394764977
