0.21386155841657595
0.019721858876302015
0.007723190386146529
0.39096352507182897
0.5030642864665377
0.14937674686330538
0.055628004592831015
0.12680008145500254
0.5566789219103889
0.6387351809928459
0.6120964104548337
0.6830156089068726
0.18023829519719511
0.34967684520178827
0.031971419673344596
0.6626189913475733
0.7866506236261062
0.0011641590956692482
0.005945756194736473
0.19081127775249995
0.9331208252319841
0.11303757214806642
0.8904361808312627
0.5125751652137227
0.38285862333432796
0.4074918384310294
0.8432726909382509
0.5436113545849253
0.6971493265766777
0.6152061169776813
0.7800753979466434
0.10457270734425708
0.7485598907508917
0.7726940505159587
0.3855060548171949
0.2320759324053665
0.7199356182070038
0.04135881721649446
0.23524412362765879
0.597040560009247
0.0678186230941713
0.9794350794930721
0.7175427470589847
0.2701450053669055
0.555503724580231
0.5924131572153879
0.46770912666954395
0.5762385596064293
0.85249297395285
0.9703824981154168
0.2425932732296756
0.6461072547402991
0.49723505329285844
0.6470915136007199
0.3564769620294509
0.11880054669528019
0.9458029556030608
0.09472019797052297
0.29146052650788645
0.7025267033598656
0.3703121006600919
0.16533030218449868
0.8645316845503761
0.41761952409635056
0.11137255980383293
0.5442026729265466
0.08508887169732166
0.7097309256045912
0.5381906380164645
0.8191257310453071
0.8892790086417768
0.18608796476828585
0.9672293429213483
0.9956797999283
0.4670474517419392
0.15689424425382736
0.5517600188514454
0.9838192073985488
0.29398582148848584
0.8533706872929543
0.8076148921975841
0.6176545582503524
0.5835062414955994
0.5620279885202022
0.33067974015330814
0.3080983482098347
0.028623903293292736
0.13659032520594402
0.33030422827803974
0.7653207470407054
0.5687592290007932
0.16456186703340459
0.5890841395280355
0.7379058623016773
0.23011585106564694
0.15017000375513898
0.11869290345076489
0.40782638419899603
0.4933717624313996
0.7383086558559656
0.09878628563349223
0.5973828894707495
0.20242780387684556
0.5326202722604572
0.6561559285459027
0.060706089822908815
0.15790196965484657
0.08953752625505795
0.6640144744310669
0.23317912615514402
0.8649683619877147
0.4633160874353324
0.33411156335646375
0.5308463431628665
0.8477878483719814
0.3798222025635032
0.21483962724371208
0.788768651919755
0.6718384462566522
0.3970469206346736
0.4190144136239713
0.991024182589179
0.2929618720083615
0.22025937103435322
0.12377429883779945
0.4757676413921962
0.3046448604229697
0.01215250375343032
0.17425262772726705
0.3123028293172332
0.33811231766197086
0.6231184284987734
0.8959956386322658
0.44230963775967314
0.5154904920339947
0.14543782893000334
0.2720337239598221
0.06717369274980056
0.4840549993388481
0.09446065030015073
0.4339564047154292
0.6590850364290415
0.6239407845738953
0.971104074923416
0.7381255195640744
0.5269802524261856
0.6238802987950962
0.14314527014099182
0.49753424259607176
0.9776160899169932
0.1313231949842768
0.3176039339227297
0.15535680750962277
0.4627180927910671
0.5002961476391132
0.5807615251964222
0.5784640130770176
0.3403047345595326
0.7115400446930665
0.10438887867468125
0.4399259918949021
0.7076211182697913
0.8921889633666427
0.4505899859298526
0.6247618366296679
0.28110100113834136
0.21394774484446732
0.6852641782579573
0.8958720559608615
0.29788404185986306
0.40241965059111817
0.49384152718474295
0.9701035137568135
0.7684953917489943
0.07437787033675756
0.6506142316647174
0.4281250629996758
0.26632877157515833
0.02965035244794545
0.553800573241825
0.5645188098898297
0.18129127523663052
0.5331329641761384
0.8174723544087454
0.9578071217181747
0.46069638242510114
0.11121408559534389
0.6802666641784643
0.48683073148581224
0.7092795263151597
0.0899481170085994
0.7973587331658629
0.590735702548501
0.9775970344803461
0.6148657863273981
0.33642309769384826
0.5869736194089208
0.006902835211477689
0.9439355041347713
0.4964271613658333
0.25829722418552503
0.8532679422560017
0.7760315890553314
0.7894588520390429
0.8916768893289966
0.20391511388773242
0.501398115495546
0.1480452044666084
0.25212086012067497
0.711201632648061
0.015031699647438002
0.30361797141680696
0.8197457836858947
0.49585777039305756
0.8199609094295552
0.7065823253421586
0.6511638915056147
0.933309070571327
0.19583202547472317
0.013968653406099088
0.877144907962965
0.37812943773729146
0.5689860527814405
0.43602532037598585
0.325552141406881
0.49709970857394203
0.9469487460161254
0.2090633616252875
0.5263314733860842
0.35577863070784366
0.5556385587755754
0.9644183705245513
0.9703051522740129
0.14148419872273618
0.7385463020006363
0.2562275568226935
0.24195255022169038
0.16846053889194118
0.8023575879696397
0.34973201021884903
0.7438692228328203
0.18011772147956662
0.8939623036258205
0.5241023667583297
0.4485380809835655
0.8521634228142221
0.37987406981372973
0.8610763396436252
0.36649295456851533
0.12181309035814514
0.7614791622866725
0.6522374817610124
0.07092064371395579
0.0471935911673568
0.4503754163589107
0.8777255666967034
0.28974193828217065
0.9294665213322593
0.8520082616447193
0.23057941222670353
0.5054245378402219
0.23386326544757563
0.1637966784957966
0.5907746462880703
0.8195751900799979
0.6208941892983962
0.09854120150269496
0.14097747787846626
0.09101005575426258
0.07422122187613023
0.8612991458665669
0.8474473565332361
0.17842771383969291
0.7324656215260306
0.8468872723587173
0.12018448427661914
0.08070489197882558
0.4388478088614207
0.048456929312128
0.8138819682802262
0.2999555058074238
0.8517434278772322
0.9959648624165564
0.056181866445562445
0.7515442313385446
0.8556475146553244
0.628314642792752
0.15245821923569514
0.5776372434625533
0.46390510121750417
0.4236646954448083
0.5040098044425463
0.5936482807039107
0.5929164603266559
0.12316038578058586
0.7319828903704881
0.24804807413117635
0.43160508979518175
0.2969681589572566
0.7328796705506826
0.22835205277854315
0.9122145537618612
0.7411550272043368
0.8960975999715824
0.7926620407016713
0.7477087773551847
0.5988938783111032
0.6771763083962049
0.2508729211154481
0.4857144494312773
0.6507904504169322
0.578504190704791
0.7701972106525139
0.7834051959888146
0.9028984832874423
0.16068877571788534
0.3153507757639784
0.4589585498265474
0.2900209267631575
0.3002302289218902
0.5918078538220232
0.6805945332400238
0.031174051708827033
0.818929493417055
0.503905656122785
0.9931824734449273
0.13208683576329672
0.22431956879241793
0.6523527394494912
0.0042367186723044625
0.05418624675693828
0.03910200638146755
0.1409258931773075
0.7424649479396905
0.9002436630303794
0.593559011133025
0.18475034847393856
0.08058576610347479
0.5153931434021919
0.6390544911213851
0.3718909064604455
0.2053399297102624
0.18736378261905023
0.3092798606530726
0.6849147949319057
0.24453020154907623
0.30262604110622005
0.06171735890396265
0.673379245300999
0.49321159018940564
0.6911259308213493
0.799557424839321
0.33455074019256886
0.780109735996634
0.33353641693328284
0.22112375761935069
0.2673700593746129
0.5442986577050435
0.8033000141467259
0.9285941265843034
0.24352025598527857
0.9880110230057043
0.3647674644525336
0.7823214951270889
0.6328007340384727
0.5137476798899239
0.5569681679454753
0.24042948658617602
0.741794195423675
0.7708475654377653
0.9923350538635084
0.07739347985279665
0.4376705095774869
0.24325953412236975
0.7794577013842956
0.3588255890081924
0.7593616019595629
0.5054088285273567
0.5699773661926049
0.8597296981617193
0.657927434773943
0.30041253735659024
0.4553979678011479
0.2379315880275066
0.323397984879354
0.8005084843539725
0.6183180131248478
0.33541540846380613
0.21594739350437053
0.624943536405247
0.7878524179143218
0.8264634192618556
0.9619667230997933
0.1844512807407495
0.37859797927199107
0.4422721675854939
0.5465640131726275
0.4197908590470907
0.14401698959637818
0.13959454695890217
0.805710995162619
0.955812816492267
0.7178407996947882
0.15790785228586876
0.062296742501612996
0.23196809831617607
0.5802986663740337
0.05276801319727009
0.43407070501494316
0.35576317210341735
0.4386971293777191
0.6585431026431532
0.5027062529916888
0.006650036234274959
0.14136372465336056
0.11004912787775567
0.13631483313699383
0.9534855739882305
0.5475799581427978
0.4047656099377428
0.774660162294551
0.8520908395858476
0.5239837504565701
0.5189167065330687
0.9247262323544491
0.675707784602323
0.7877649954722451
0.9213475032312912
0.5395373369964899
0.925685778644437
0.9967990132105934
0.5810902501269553
0.3011497698363569
0.3564358349911019
0.2936530829463603
0.433893161851244
0.5078614105869541
0.07427008956634208
0.9730738441292125
0.21919537169656067
0.5833058177812029
0.48938129499662275
0.8850289029616356
0.8548101772160428
0.7983048154751673
0.11402840710091033
0.023203548500131486
0.8211778133928025
0.018883710562758615
0.4517553915842735
0.7751006480179046
0.14667698168821075
0.893603939516934
0.7520520331515723
0.2877104476396155
0.030559215806934287
0.7036630019548005
0.9757612566157066
0.4790965369353554
0.2545272158189351
0.3900959923357097
0.9986886565089694
0.25164921083084857
0.3561216744321132
0.29404707554646503
0.08714466280152
0.5919264091688303
0.9731004923336235
0.4570656484141893
0.4529581226720249
0.5990697597559845
0.9236081402601652
0.12173178496821913
0.16433599772055535
0.2941817573719649
0.7231934629123389
0.42061834443741586
0.8103650879079051
0.4651315038954941
0.6025325092737202
0.7248368408568382
0.4404059851983214
0.8668750200900524
0.9066682149005606
0.4841780566165135
0.7321345539016169
0.11336404622895868
0.12777576292347703
0.6443321835969756
0.8633204543389688
0.7680231382004614
