3.794879081420177e-06
1.145009704828226e-07
0.8237321751719515
0.2310102149603659
0.005732780861053888
5.449773965437998e-10
1.0964511243383157e-05
0.9310434740475619
0.0009003647321632613
1.5085566423822527e-05
0.006070430075171718
0.00019670752261968794
0.001171378502021314
3.7029011314970717e-06
0.06855401011101625
9.476582945500134e-05
0.1346937387311018
3.1041667559517094e-05
1.1040805429018974e-05
0.07540344870554416
0.0021544049007526933
0.1072155128043617
2.6127641628015397e-07
0.09811163742298312
0.1754922387093205
0.0005129219263757534
0.051976659181994345
3.3160259871323206e-08
0.001223454458473494
0.005606644084017676
1.4860383925618947e-05
0.0020107364343158185
0.052212194434472226
1.6659619794801017e-07
0.05363455774555326
0.006696072075396575
0.08698906387500216
0.00013966505552698294
0.016092132356263944
0.46468120242626965
0.0004310723563958341
5.685225468621269e-05
0.45348558882506995
0.001045992581436117
0.021754613308793358
0.0032668583448607347
2.6163049504646096e-10
0.3728008855670333
0.06143082865293481
0.00013890631636592765
2.036109671732511e-05
0.09942978593891438
0.023314059471001958
0.0003580370819316059
1.9903214409922043e-08
0.9387014475758187
1.1102230246251565e-15
0.0011927372697688732
0.18294789469606831
0.02413617866868356
0.26703983118962316
1.0014635520860793e-07
1.7985612998927536e-14
0.001979579826924427
0.0027018939350773596
2.1070812823431595e-06
0.0002444351696000435
1.0721057686069457e-07
1.4651723323488852e-07
0.025514788679551037
6.7770233869168806e-12
1.01864465440471e-06
0.0034226727712320937
0.0013661355464711367
1.3075582838695254e-09
0.05366929236870255
0.7244904793626994
7.968536904767731e-06
0.006547699102515514
0.00019269203653005107
0.039367053878721414
0.0025161937322732975
1.3732832648827298e-09
0.00010177294688773486
0.0020860216524554165
0.19726944808307123
0.7708002553474358
7.805990629439208e-07
6.290326037827754e-08
5.348060102106089e-06
1.836933494203663e-09
0.0033253370354000555
0.009756072632680857
0.5316833417826727
0.0005192475475708225
2.3241623248182464e-07
0.0007134566229003436
8.024722475985513e-05
1.0011881101945619e-07
0.07602862802434895
0.15279063725259667
3.8020717210374144e-05
0.08897252484629647
1.6164868936741073e-05
0.06795945195490183
6.407336166969202e-06
1.7589633374281988e-06
0.796419085640228
7.390200229551169e-09
0.12988442877789885
0.16375017253341206
0.009831874050440836
1.1260397059231764e-09
0.0034419612058902427
2.6584799783790913e-06
0.023169274439015952
0.2549011544894788
0.27617163870437955
1.8558747940655707e-05
0.018798618635373465
0.0011945438851932444
1.8177189711199304e-06
0.37735986178651904
1.812560546099462e-09
0.005543570076332438
0.00044257035730477234
1.233428068569964e-07
0.002050665701745835
0.0001651537255344948
0.967094529309527
2.4816800217930535e-05
5.145726911237603e-07
0.03356391550522475
0.5834286625994829
0.008615952019454198
0.0046544092185729635
0.013068952583281002
7.580115728433867e-07
0.034068942495236065
0.04101372125177094
0.00019571082809521911
6.579881931312315e-06
0.023721606224630598
0.020865711672920728
0.026668125721938107
2.1386029214198743e-07
2.5177680043064754e-06
0.018415794946835762
0.010338871551032414
0.3362826859740824
0.00021126753461619963
3.0706389053669625e-07
3.269908566139179e-09
1.7698987719860781e-06
1.0297843311413146e-06
0.18086448341432804
2.376833840855852e-09
0.6809303313925572
0.13981462000821643
8.387437447554547e-05
2.1050686527246398e-08
9.456809286767509e-07
0.9270286012252955
0.17083426953414826
0.10083535834372492
0.050108421180832696
7.348579404986566e-07
2.2098487901800468e-06
1.3764699158258509e-08
2.3133358140192684e-07
0.003320130288723133
1.8540724511240114e-13
7.072629149007525e-10
0.021072467721548582
0.585569556545291
1.2782437641689626e-07
0.9128666608339986
0.1992767443869281
1.467714838554457e-11
0.0004186008149111853
3.48372262370944e-07
1.880781757446215e-06
2.145881647930281e-06
0.5161050009017256
0.00013421171918270858
4.857249485379356e-05
0.0008185078918356847
0.007832676976055941
7.363999523501974e-06
7.949085834013658e-11
0.0009718887634058149
6.001441002823071e-06
0.979834881599877
0.02459785057925501
2.433393486711566e-10
0.0009518888369262068
0.19871637251070906
0.0041287677350900776
1.1321864775704071e-05
0.08535513124774319
0.03877400788004759
0.11332123152071616
1.800781745942004e-13
0.5288140846015781
0.005217837648963108
0.55382719775203
9.70350320561586e-06
0.20762273275710075
0.0018324141750227785
0.015139836626941294
0.00037113943073263655
7.301503468504222e-08
2.217198438958512e-05
3.3696382038872486e-05
0.16474815314237481
1.9034950256013872e-05
0.00046091282602089834
0.0036273248137796976
0.00013300720261555377
0.00042736183667102523
0.0755127203353474
0.2541474281039229
2.7082946652878803e-05
0.007831146421972024
0.23740516209131335
2.734759179778834e-06
1.37174700405307e-05
5.71375923774653e-06
0.0008528293115437346
0.47747103204533703
0.0003153367362493942
0.00014904006124294433
0.44811991757110275
1.2572338403682437e-06
0.013741986568305498
1.0347639856078672e-08
7.341959618045735e-08
0.09323880624452463
3.4567903355986473e-05
0.4626519678912
0.7408307258856627
0.0024437864328383796
8.23636860634025e-05
0.6257413078472385
0.0020296776424051366
0.7576856880305765
2.002136156864509e-06
9.344177424708278e-06
0.0002920865300888309
1.4043112952499825e-06
0.6149000615804705
0.00023237065193759676
0.9309551776744852
0.013159316154839562
1.8692042202950176e-05
0.056978066088565926
1.1092377362853512e-05
0.0009126319843957287
0.0001261139930313071
1.545430450278218e-13
0.0580227747839106
3.943198003986126e-05
4.803452593460378e-07
9.645544363223735e-10
0.0005330893401187531
7.48348230050766e-08
4.764473577889561e-07
2.2850201799595737e-06
0.00018052258931233744
0.020473930903307735
0.0001563484691078365
0.0003737094988596201
4.512709628867739e-06
0.3089143642840104
0.003737542247873593
0.07369443142898846
0.2069632500288383
0.0005227768802056332
2.0509724268036322e-05
0.5780803373809777
0.02344289998815907
9.040190196429876e-08
0.002206370168645888
0.0070302731438161015
0.6269675350689261
2.1714916165205267e-06
3.0439495368739244e-09
0.775369909509642
0.0012709141847857541
2.6022843879758284e-09
2.2074282674422463e-05
0.34011847160419584
0.00014785174498732623
2.6445311707146146e-06
9.824032467076194e-05
0.00032751568801248077
0.7885727354630987
1.4217359289858678e-08
0.0005202784809603678
0.0004159517856991979
6.96022418513742e-05
0.9409768167519805
0.004507875581346132
6.190233261893496e-05
4.6362631193064274e-05
0.002679240111888248
0.03168565169183091
1.092736279240114e-08
0.0006428422501949527
3.435969286869067e-10
0.0009588801819142567
0.4744254415325353
0.0728218403872205
0.00031189120766073053
0.0010152820088280556
0.27528036001662914
6.903308158445753e-06
0.04900896189306292
0.0006315630685385099
0.00022032634418756025
6.031433094300098e-06
0.0013826368540350575
0.8474513947896338
0.8514517750608466
1.1741693803912767e-06
0.05319211388548517
0.05135850059102043
0.15922868392844314
1.800004070728889e-05
6.350309310221292e-05
0.057237181444097285
0.0001837573165159867
7.786138818133281e-07
0.00013478855612780727
6.474954972190972e-08
0.00010973636515188012
0.19826159572212587
0.2997855743273521
0.002677241323916224
1.0458988677353176e-06
0.5308526283115838
0.3140874421640907
0.008826171963270735
2.852645057727088e-06
0.0900843067810635
0.00015370694474037272
8.422151864806438e-13
0.0013194320267004844
0.002750538307200401
0.059980753768558825
0.002531175142059805
0.0027207380357154864
0.00011548064390143331
0.0005229640702777427
0.010791549554128865
0.01003611119974912
1.7940760568269098e-06
0.35385678366381
0.011009557248719437
0.0009451218127176642
0.004880924208156889
6.402121055515408e-10
0.01267781559139003
0.00335867067145168
0.083672245912642
0.3595859949530463
0.14407647494563536
7.459719730817937e-09
0.15777561040704557
0.21298462597261159
0.3762877275447465
0.0179964487616473
0.7248043344901638
0.00188911920578394
1.0015275719865713e-08
6.485018608559656e-06
0.09698576157828187
0.0008307625293337839
0.402148536941007
0.5867205684141339
9.191778556361108e-05
0.28574017516393546
5.115098957952924e-06
0.0001927043050302668
0.006574487010782892
0.04500828573534332
0.00019343110403680086
3.827299566161457e-08
0.00015476074003695217
0.00032727349130334815
6.43755354801101e-07
0.6867576165694655
4.012937334052502e-05
0.005273573565932388
0.9105091491569692
1.4240954859801036e-08
0.0017459746421821798
0.0015658524293549192
0.7266705367163155
0.14195730941929607
4.748854642855349e-08
0.9617018771335468
2.692979184315547e-06
5.799583036036893e-12
0.01633589634828181
0.7394753237986716
0.06737077035182515
5.726298690778009e-07
0.3469755501537126
0.004550547842246511
0.29585799147608527
2.41220377006357e-11
0.004292773662028182
0.9798366477402359
0.2273237153094132
0.009459888047713694
4.5814844940039734e-07
0.029171068079433704
0.07459201897557954
7.088701312607526e-07
0.01799187809614433
6.463307111737038e-08
1.0276595342029182e-05
1.1070735661533604e-08
0.00019224513065374538
3.93803639577861e-05
0.006373506095331827
1.2548850469862316e-07
0.0027572371137745133
1.255829139479303e-05
3.6642870870906563e-07
0.004750796147793279
3.1978665937515416e-08
0.5118011669822039
2.284141646935467e-07
3.315854901764226e-08
1.7118424455730974e-09
0.0007412709585814525
0.07276465042028524
2.5697325944928906e-06
0.9844591697872211
0.04398161713643223
2.5417952626005658e-05
1.2592926816434868e-05
0.006752504129338366
2.1447868370216838e-08
0.005975832486305288
5.410515028803076e-05
1.3142983387171014e-05
0.0012619896165975142
7.52169649920198e-06
0.03115027077881627
0.0006776226033720079
3.435187689859731e-10
0.0020684853910624135
0.0001935250729878657
3.67027982828283e-05
0.005061919597598719
3.470647946812733e-08
0.0014392204223607763
0.606582439722583
4.404705489235994e-10
0.07302864386183505
0.00019492528993247937
0.2829289353065383
0.013065577611300672
4.537673141236098e-05
0.8988548729990761
0.10507139875439142
0.778501590059816
0.002580523591702022
0.00014696496068045128
0.0004614422446924671
0.0037699562922111074
0.7864045836909995
0.07626799117634997
0.1518485844873434
1.0564460790840613e-05
0.262682369088894
0.0003537298489881824
0.44733626617857136
3.963984696042644e-11
0.6637992995695672
1.1781594863702338e-05
0.004165202986675887
0.7305123170772464
1.2942175775521036e-08
3.0595725952764496e-10
0.001475278362633059
0.550850706595628
0.0006090052155907077
1.0381005595139214e-06
0.001454085448879372
2.9783409228434365e-05
0.0010243486667478319
