0.0034765205803461135
0.03139310946011792
0.002060886878121652
0.05277353854761981
0.010343721041284754
0.003721473226541871
0.00022308388192365287
0.00957396717535476
0.01386899883322559
0.0020329475564249896
0.018971029515505396
0.009895019933010778
0.031005546486965043
0.022062996800339213
0.03085103940937158
0.0014538578871420046
0.0012329391569158284
9.652602150493526e-06
7.56414805540152e-05
0.005058961442905282
0.006131682490089718
0.0014431182004901368
0.0008905754558753176
0.04292764137890255
0.011108616507243294
0.0069349864886047935
0.03528765623195452
0.001959556260807739
0.0025894182912669494
0.0008123765972511294
0.046708933012361405
0.04917950767459483
0.02827287504114122
0.004830483821665945
0.00024778294316693067
0.00729635409091347
0.004692167839640879
0.006851666393963198
0.000844437545537244
0.11533752503814589
0.0015461156796632188
0.0031572818348506227
0.03517445736734493
0.00940449068887103
0.0033383506189976642
0.021264014417821823
5.826084564545529e-05
0.023221742414350766
0.010622422923593087
0.00018898844407618534
0.0013045540273638606
0.0021749135158512837
0.0015632571394126004
0.0015781123069524682
0.008140535400312465
0.001948203129880583
0.009489687802890686
0.0015410663740149345
0.001021798856888124
0.01858357642357354
0.00043185310363947537
0.006012218479872017
0.0020982790496744943
0.0026984649206956163
0.06194787805080174
0.2094904776316737
0.009474754083363183
0.0016792764595682493
0.0005521328268981221
0.0006090450712643515
0.020480506948169264
0.010742029176145218
0.003991704612258528
0.00876540110023335
0.04411530788732333
0.0011975524913585786
2.9272543357045145e-05
0.09912794165501129
0.059743653533282426
0.008588869998616511
0.0012809693972364344
0.016887077576019056
0.01896740653898612
0.005748387453633322
0.0005634814770517679
0.005961560238650332
0.013032887015582952
0.0022758208451238975
0.00017002237416725247
0.005513995527653144
0.004301012441469834
0.003091560775060395
0.002365430666026909
0.04766532020555372
0.05473702519977009
0.00040149986405947586
0.0003951101579044469
0.003178156447804156
0.0002918378678610217
0.0526785571239148
0.0002914310812044975
0.0020072149981200864
0.028140795109107327
0.0007135752036141182
0.0047897649847022964
5.6047748940772545e-05
0.00013426505506118085
0.00028314293390299347
0.008143194465771919
0.02935593895372116
0.0023068502993565418
0.008334846645316614
0.02772994768746459
0.0013301837835836697
0.0045318444040297135
0.003327545403346457
0.000932527038975447
0.0007442978523836475
0.02876504188623861
0.000778346254314759
0.001148178763962528
0.000879684940998748
0.015508786607219757
0.00012793250641356915
4.224557405690246e-05
0.0007378450032637512
0.002840793283197601
0.03926785405497442
0.07177928881470712
0.0025997802356028023
0.0012242551619994046
0.003114182339204872
0.02864059620272003
0.001564260770951045
0.00015868766922883415
0.0033593990983501088
0.002359035007236626
8.44125686116393e-05
0.09669947765842972
0.03472054188440332
0.017562446612718097
0.00023506460505277695
0.016059994396249444
0.012930498003557151
0.017555887921776286
0.019087145368597555
0.008542148395337278
0.02272320336382147
0.006611683775823786
0.029575511169742053
0.0030149202070428437
0.0005539990814484107
0.002292520058812724
0.004367491865018862
0.0003087705911620212
0.0108144848500752
0.0002956341676079505
0.003830982430953868
0.0029260609784155273
0.00015240487123717369
0.0035446504720279704
0.012720019856502934
0.01280362142035343
0.004092120355518387
0.004292319900790318
0.0012328548548397964
0.004018678339679585
0.017943642735644975
0.0035233230889287065
0.0050082947253501965
0.0009738984130097144
0.17759852407328358
0.001600413319962547
0.04117473293661323
0.005865181842281372
0.002340162271189121
0.00010290649425425023
0.007055188888971882
0.0017780231428655131
0.0005365422341699716
0.02304431092591383
0.010223939916106428
0.0007132868719078106
0.011214662938414107
0.0032025877476672517
0.00875103983898452
0.0005520353984530535
7.293810143808642e-05
0.012009373402217905
0.005529765721459037
0.004655372386890388
0.003283199959890661
0.00284402275386114
0.0005162381494380707
0.009116796019082754
0.006032258962107518
0.006946050934621381
0.0019837077944491774
0.20792861050039205
0.0023033801823506644
0.0021441438981137277
0.003798224355972686
0.000256325833843324
0.00047309580326009346
0.020044956948929785
0.02318006247880979
0.010685135038045503
1.660427447887077e-05
0.01738833502785654
0.02661964082249578
0.01234633330187525
0.00244022149562165
0.01422477323112497
0.006231117906076636
0.007590610868185784
0.06792103157605263
0.0032682812753631802
0.000859605040027499
0.003580563787329119
0.0037326018534518885
0.0021198247423054235
0.011426998621130308
0.0011051216634856168
0.0042165284260889365
0.03261096806093448
0.0021232792101534112
0.000647746169064491
0.04082846195171036
0.0018551385837698193
0.013493673415235722
0.0003322515992094806
0.004477132364237323
0.023974380924570944
0.011385371651550577
0.013513380258219677
0.03018833980752384
0.013217246185361707
0.0009053970864894703
0.001130053415834457
0.0052563985899937125
0.03877653885701849
0.0179051009217488
0.0018492456107721531
0.06769825651188922
0.0001835749476102325
0.04152180291132735
0.03244596685422503
0.013333510152592536
0.0020716777652722306
0.0009802776258069686
0.01956195443744074
0.03382655193243753
0.005922315945369483
2.7130453190699594e-05
0.006992453219188895
0.004109539090994458
0.020626773799926355
0.010449636268845177
0.0007510521659800448
0.0429664542388804
0.0008359575579749836
0.015407243253108093
0.003636373319337335
0.00016252227400867693
8.692556986884706e-05
0.0022312314786412804
0.00317328083425051
0.0016136235706475826
0.002342330554379389
0.07374929321041875
0.01852111186258154
0.04423386601419577
0.07986997857934425
0.00931177203570475
0.005774377122386935
0.007718882935250048
0.0013217362124185875
0.0006686883700389436
0.0005150285463458489
0.0019667542895560946
0.0002724279286975059
5.1092139646188356e-05
0.02991724173727628
0.022064290473204254
0.00107712233889176
0.045652899557140046
0.006621731237190164
0.002743455053448312
0.014222252656826974
0.0018782436015223035
0.00021007772367124115
0.0006901998828152222
0.009704801791354679
0.0004124264707927178
0.00416794083832965
0.00418354945472679
0.026845592981475066
0.01488736424872627
0.001446083943439677
0.004243959008474885
0.0022657877969928858
0.011548215819916028
0.0039038901022088904
0.004364413887388854
0.03941894600541441
0.006113876576307762
0.043973434292686985
0.0009460788485891858
0.004921718214442181
0.0006655101696394252
0.0007581408994128734
0.001477123355400077
0.009230761704338864
0.0035688784594516457
0.0020073371300621547
0.0003448149864701016
0.0604671342484879
0.087617076930078
0.0049848293126199626
0.0007480973559087252
0.003849819494337057
0.0014090144141872092
0.03313127829526165
0.008133393694587475
0.007083452471117051
0.024719092816726775
0.00319819756825789
0.00036443216641121064
0.0002118081421252686
0.007090561980148159
0.00734437527146032
0.008235929105507758
0.01825453110832664
0.0014105797483032249
0.0162571684904234
0.0003582808515584808
0.0018951290142709804
0.006062100878839807
0.07334636395019015
0.004998978715042374
6.714066010922031e-05
5.2487832726770854e-05
0.0033277422737829653
0.0069568991512291315
9.688147643882367e-05
0.05290841971322519
0.011429262191069852
3.3379656480062755e-05
0.0007831494713561331
0.003063889641342683
0.0047097099427568815
0.0005808744659108752
0.06041605233242932
0.007682993803579914
0.010046188635943521
0.004179169931915031
0.001403662514322753
0.0024530228690608025
0.001289232838966225
0.0009789091204141622
0.03474118630506018
0.00026402962514889493
0.003847330541792683
0.0007409612520028201
0.030136295689484543
0.06988794148652228
0.02055776665419894
0.032180016996096884
0.009138955603035855
0.012241962640665474
0.0005912214311103338
0.020379012673303384
0.000349669960578295
0.000925866232656306
0.002829527521396076
0.025567270206466437
0.012744670762706134
0.018378413706532676
0.02184196467234292
0.0011632453835654308
0.019673285241350848
0.001504244226554081
2.5723576065234442e-05
0.0023167516588288146
0.030389947379514674
5.1367048219186386e-05
0.0006845278430397639
0.0002750687082588673
0.0003595098432933723
0.0001979480685349115
0.016579248336523703
0.0031502525593968063
0.0003575889634927811
0.001659927135711037
0.05924558730806687
0.0003824030864419451
0.0032991973716230767
0.00451301364088097
0.06745313095233717
0.002398150437819433
0.015580650354511543
0.0004404773687263243
0.003099557213931461
0.005872237959896968
0.000962559723899081
0.0006692592702210226
0.0002561690547242528
0.12412264388878083
9.863464400568293e-05
0.010949032092036036
0.006309665882883729
0.0001203708056774283
0.004391711238562885
0.012170856828311484
0.0010654653232683663
0.0020382841087894198
0.006456216878884941
0.00036332925658334557
0.04023931674601576
0.0002867393917349851
0.014551890000000024
0.02755948812608417
0.03728542464075481
0.0009436903871508545
0.0025365282123458685
0.004852395973467214
0.002830942134768809
0.0021889393201378108
0.013115141406401392
0.006951254172075498
0.016937800348398976
0.0009797067135935615
0.002938481995703807
0.014934260971687765
0.016933488225567152
0.002570349020718731
0.020457713771515104
0.0019244398060154835
0.00022842914717087482
0.01925451463404301
0.0006402834624519433
0.008640680104290432
0.019545897122244287
0.00034894146744368843
0.0007993211894413468
0.01048598365260404
0.05903630021926321
9.229692962436457e-05
0.011919885197273328
0.02043831272662742
6.024768474188334e-05
0.0006120109112110747
0.0017475969521887338
3.1344535897084856e-05
0.0004249455944033077
0.00507488447299496
0.007065619279923313
0.011981741275234414
6.14143419010418e-05
0.03240481530985197
0.0072422055797986395
0.0008267096908039607
0.009524823501136528
0.025196159846849
0.0004205853755829727
0.0006054437185905516
4.0111829851255254e-05
0.041898675443350665
0.004965539081429496
0.005752188569931272
0.005461008179411615
0.014073967299927787
0.0016569304960938503
0.00039326300334445506
0.025788081859427284
0.0015086275678288068
0.024638107773716285
0.0018814689856567796
0.0005562374397504391
0.009459848219711344
0.001983957594232315
0.017716097100039414
0.0004153124785752793
0.016287395914800867
0.0011752294877745823
0.0016025012132557586
2.0848331401861422e-05
0.005820278060701998
0.01351918312263827
0.002389396398520889
